service_id,date,exception_type
<<<<<<< HEAD
246066624606736,20241221,1
246067024606703,20241225,1
246068024608136,20250104,1
246068024608136,20250222,1
246068024608136,20250510,1
246072324607237,20250216,1
246068624608125,20250307,1
246068624608125,20250516,1
246066824606722,20241224,1
=======
246067924608125,20250110,1
246069724607064,20250123,1
>>>>>>> new-branch
246069724606992,20250121,1
246070324607201,20250127,1
246070324607201,20250210,1
246073124608113,20250305,1
246073124608112,20250318,1
246073124608112,20250325,1
246073124608111,20250331,1
246071024607201,20250210,1
246071024607202,20250211,1
246071024607203,20250212,1
<<<<<<< HEAD
=======
246068224606933,20250108,1
>>>>>>> new-branch
246069724607003,20250122,1
246070324607213,20250129,1
246070324607215,20250207,1
246070324607212,20250211,1
246070324607213,20250212,1
246073124608125,20250307,1
246073124608121,20250310,1
246073124608122,20250401,1
246073124608124,20250410,1
246073124608122,20250415,1
246073124608121,20250421,1
246073124608124,20250501,1
<<<<<<< HEAD
246067924608125,20250110,1
246066824606891,20241230,1
246073124608081,20250310,1
246073124608081,20250512,1
=======
246068024608136,20250104,1
246068024608136,20250222,1
246068024608136,20250510,1
246068124608077,20250119,1
246068124608077,20250209,1
246068124608077,20250406,1
246068124608077,20250427,1
246068124608077,20250504,1
246072324607237,20250216,1
246070224607227,20250209,1
246073024608136,20250308,1
246073124608081,20250310,1
246073124608081,20250512,1
246068324608122,20250114,1
246068324608124,20250123,1
246068324608124,20250130,1
246068324608124,20250306,1
246068324608125,20250411,1
246068324608122,20250429,1
246068324608125,20250509,1
246067524606891,20250113,1
>>>>>>> new-branch
246068324608113,20250115,1
246068324608113,20250219,1
246068324608112,20250311,1
246068324608114,20250320,1
246068324608114,20250403,1
246068324608114,20250417,1
246068324608113,20250423,1
246068324608114,20250424,1
246068324608112,20250506,1
<<<<<<< HEAD
246068224606933,20250108,1
246069724607064,20250123,1
246068124608077,20250119,1
246068124608077,20250209,1
246068124608077,20250406,1
246068124608077,20250427,1
246068124608077,20250504,1
246066624606946,20250118,1
246073624608136,20250412,1
246073624608136,20250426,1
246066624608136,20250111,1
246066624608136,20250405,1
246068324608122,20250114,1
246068324608124,20250123,1
246068324608124,20250130,1
246068324608124,20250306,1
246068324608125,20250411,1
246068324608122,20250429,1
246068324608125,20250509,1
246066524608125,20250214,1
246066524608125,20250307,1
246066524608125,20250314,1
246066524608125,20250404,1
246066524608125,20250425,1
246069524607007,20250119,1
246069524607005,20250124,1
246072324607287,20250216,1
246073524608125,20250228,1
246073524608125,20250502,1
246068124606921,20250106,1
246068124606923,20250108,1
246073024608114,20250227,1
246073024608112,20250304,1
246073024608111,20250310,1
246073024608114,20250403,1
246073024608117,20250406,1
246073024608113,20250409,1
246073024608111,20250414,1
246066824607171,20241223,1
246070224607227,20250209,1
246073024608136,20250308,1
246067324608136,20250308,1
246067324608136,20250315,1
246067324608136,20250405,1
246067324608136,20250517,1
246068624607005,20250124,1
=======
246073624608136,20250412,1
246073624608136,20250426,1
246068124607227,20250105,1
246072324607291,20250217,1
246068124607167,20250202,1
>>>>>>> new-branch
246071424608125,20250207,1
246071424608125,20250307,1
246071424608125,20250314,1
246071424608125,20250411,1
<<<<<<< HEAD
246066724608077,20250105,1
246066724608077,20250223,1
246066724608077,20250511,1
246067424606805,20250103,1
=======
246068624608125,20250307,1
246068624608125,20250516,1
>>>>>>> new-branch
246068124608135,20250110,1
246068124608136,20250118,1
246068124608132,20250121,1
246068124608135,20250214,1
246068124608134,20250220,1
246068124608137,20250302,1
246068124608132,20250304,1
246068124608134,20250313,1
246068124608136,20250322,1
246068124608132,20250325,1
246068124608134,20250403,1
246068124608137,20250406,1
246068124608132,20250408,1
246068124608133,20250409,1
246068124608134,20250417,1
246068124608134,20250424,1
246068124608132,20250513,1
<<<<<<< HEAD
246072324607291,20250217,1
246067524606891,20250113,1
=======
246068124606944,20250109,1
246070224607224,20250130,1
246070224607221,20250203,1
246070224607225,20250207,1
246073024608131,20250303,1
246073024608132,20250318,1
246073024608132,20250401,1
246073024608135,20250404,1
246073024608133,20250430,1
246069624607002,20250121,1
246070224607213,20250205,1
246070224607212,20250211,1
246072424607284,20250220,1
246073024608122,20250225,1
246073024608127,20250302,1
246073024608123,20250312,1
246073024608127,20250323,1
246073024608124,20250403,1
246073024608122,20250408,1
246073024608123,20250430,1
246073024608123,20250507,1
246067524606803,20250101,1
246067924608135,20250103,1
246067924608136,20250104,1
246067924608135,20250207,1
246067924608135,20250328,1
246067924608135,20250509,1
246067924608136,20250510,1
246068124608117,20250105,1
246068124608112,20250107,1
246068124608114,20250109,1
246068124608112,20250114,1
246068124608111,20250203,1
246068124608117,20250323,1
246068124608114,20250327,1
246068124608112,20250415,1
246068124608114,20250501,1
246068124608117,20250511,1
246068024607226,20250215,1
>>>>>>> new-branch
246069624606972,20250121,1
246068224606956,20250111,1
246068224606957,20250112,1
246068224606953,20250115,1
246069824607025,20250124,1
246069824607026,20250125,1
246070324607232,20250204,1
246073124608147,20250302,1
246073124608145,20250314,1
246073124608147,20250316,1
246073124608141,20250317,1
246073124608142,20250325,1
246073124608143,20250326,1
246073124608145,20250328,1
246073124608147,20250330,1
246073124608142,20250415,1
246073124608143,20250416,1
246073124608147,20250504,1
246073124608141,20250505,1
<<<<<<< HEAD
246068024607226,20250215,1
246068124606944,20250109,1
246070224607224,20250130,1
246070224607221,20250203,1
246070224607225,20250207,1
246073024608131,20250303,1
246073024608132,20250318,1
246073024608132,20250401,1
246073024608135,20250404,1
246073024608133,20250430,1
246067524606946,20250104,1
246067524606944,20250109,1
246067524606941,20250113,1
246067524606942,20250114,1
246067524606946,20250118,1
=======
246069524607007,20250119,1
246069524607005,20250124,1
246072324607287,20250216,1
246068224606941,20250106,1
246068224606946,20250111,1
>>>>>>> new-branch
246070324607222,20250211,1
246070324607223,20250212,1
246073124608135,20250321,1
246073124608135,20250404,1
246073124608132,20250415,1
<<<<<<< HEAD
=======
246068124606921,20250106,1
246068124606923,20250108,1
246073024608114,20250227,1
246073024608112,20250304,1
246073024608111,20250310,1
246073024608114,20250403,1
246073024608117,20250406,1
246073024608113,20250409,1
246073024608111,20250414,1
246067924606935,20250103,1
246067924606935,20250117,1
246073524608125,20250228,1
246073524608125,20250502,1
>>>>>>> new-branch
246070824608136,20250222,1
246070824608136,20250315,1
246070824608136,20250405,1
246070824608136,20250510,1
246068724608136,20250118,1
246068724608136,20250412,1
<<<<<<< HEAD
246066624607996,20250201,1
246066624607996,20250215,1
246066624607996,20250322,1
246066624607996,20250503,1
246066724607937,20250202,1
246066724607937,20250323,1
246066724607937,20250330,1
246066724607937,20250406,1
246066424606854,20250109,1
246066524607985,20250207,1
246066524607985,20250328,1
246066924607952,20250415,1
246066924607952,20250422,1
246069824607963,20250416,1
246069924607974,20250424,1
246073124607941,20250317,1
246073124607941,20250407,1
246073124607941,20250414,1
246069124606913,20250115,1
246066824607941,20250120,1
246066824607941,20250331,1
246066424607974,20250213,1
246066424607974,20250227,1
246069724607952,20250121,1
246069724607952,20250422,1
246068124607227,20250105,1
246069624607002,20250121,1
246070224607213,20250205,1
246070224607212,20250211,1
246072424607284,20250220,1
246073024608122,20250225,1
246073024608127,20250302,1
246073024608123,20250312,1
246073024608127,20250323,1
246073024608124,20250403,1
246073024608122,20250408,1
246073024608123,20250430,1
246073024608123,20250507,1
246068124607167,20250202,1
246067524606803,20250101,1
246067924608135,20250103,1
246067924608136,20250104,1
246067924608135,20250207,1
246067924608135,20250328,1
246067924608135,20250509,1
246067924608136,20250510,1
246066824606783,20250101,1
246068124608117,20250105,1
246068124608112,20250107,1
246068124608114,20250109,1
246068124608112,20250114,1
246068124608111,20250203,1
246068124608117,20250323,1
246068124608114,20250327,1
246068124608112,20250415,1
246068124608114,20250501,1
246068124608117,20250511,1
246066624606736,20241228,1
246068024608136,20250208,1
246073024608077,20250323,1
246068624608125,20250117,1
246068624608125,20250228,1
246068624608125,20250411,1
=======
246069724607063,20250122,1
246069724607063,20250129,1
>>>>>>> new-branch
246069724606993,20250122,1
246070324607203,20250129,1
246070324607204,20250130,1
246072524607274,20250220,1
246073124608112,20250304,1
246073124608112,20250408,1
246073124608114,20250410,1
246073124608113,20250423,1
246073124608114,20250501,1
246073124608112,20250513,1
246073124608113,20250514,1
246071024607201,20250203,1
<<<<<<< HEAD
=======
246068224606931,20250113,1
246068224606932,20250114,1
>>>>>>> new-branch
246072524607285,20250221,1
246073124608125,20250314,1
246073124608121,20250324,1
246073124608123,20250402,1
246073124608121,20250414,1
246073124608123,20250423,1
246073124608123,20250507,1
<<<<<<< HEAD
246073124608081,20250317,1
246073124608081,20250414,1
246066924606722,20241224,1
=======
246068024608136,20250208,1
246068124608077,20250105,1
246068124608077,20250112,1
246073024608077,20250323,1
246068124606947,20250105,1
246068124606946,20250111,1
246070224607226,20250201,1
246073024608136,20250329,1
246073024608136,20250412,1
246073024608136,20250419,1
246072324607241,20250217,1
246073124608081,20250317,1
246073124608081,20250414,1
246068324608125,20250117,1
246068324608125,20250228,1
246068324608122,20250311,1
246068324608122,20250401,1
246068324608124,20250410,1
246068324608122,20250422,1
246068324608123,20250507,1
>>>>>>> new-branch
246068324608114,20250109,1
246068324608114,20250123,1
246068324608112,20250211,1
246068324608114,20250227,1
246068324608114,20250313,1
246068324608112,20250401,1
246068324608112,20250415,1
246068324608114,20250508,1
<<<<<<< HEAD
246068224606931,20250113,1
246068224606932,20250114,1
246067524606781,20241230,1
246067524606782,20241231,1
246069724607063,20250122,1
246069724607063,20250129,1
246066824606714,20241226,1
246068124608077,20250105,1
246068124608077,20250112,1
246066624606946,20241221,1
246066624606946,20250104,1
=======
246067524606781,20241230,1
246067524607171,20250203,1
>>>>>>> new-branch
246070824607226,20250208,1
246073624608136,20250301,1
246073624608136,20250308,1
246073624608136,20250315,1
246073624608136,20250419,1
246073624608136,20250517,1
<<<<<<< HEAD
246066624608136,20241221,1
246066624608136,20250118,1
246066624608136,20250208,1
246066624608136,20250215,1
246066624608136,20250308,1
246066624608136,20250412,1
246066624608136,20250419,1
246068324608125,20250117,1
246068324608125,20250228,1
246068324608122,20250311,1
246068324608122,20250401,1
246068324608124,20250410,1
246068324608122,20250422,1
246068324608123,20250507,1
246066524608125,20241220,1
246066524608125,20241227,1
246066524608125,20250207,1
246066524608125,20250228,1
246066524608125,20250502,1
246072324607241,20250217,1
246067524606793,20250101,1
246068624606935,20250117,1
246073524608125,20250404,1
246073524608125,20250425,1
246073024608113,20250226,1
246073024608113,20250312,1
246073024608114,20250320,1
246073024608111,20250324,1
246073024608111,20250407,1
246073024608117,20250420,1
246073024608114,20250501,1
246073024608114,20250508,1
246073024608112,20250513,1
246066824607171,20250127,1
246066824607171,20250203,1
246068124606947,20250105,1
246068124606946,20250111,1
246070224607226,20250201,1
246073024608136,20250329,1
246073024608136,20250412,1
246073024608136,20250419,1
246067324608136,20250201,1
246067324608136,20250208,1
246067324608136,20250301,1
246067324608136,20250322,1
246067324608136,20250510,1
246071424608125,20250321,1
246071424608125,20250509,1
246066724608077,20250216,1
246067424606807,20241229,1
=======
246067524606782,20241231,1
246068124607226,20250201,1
246068124607167,20250119,1
246068124607167,20250209,1
246071424608125,20250321,1
246071424608125,20250509,1
246068624608125,20250117,1
246068624608125,20250228,1
246068624608125,20250411,1
>>>>>>> new-branch
246068124608134,20250116,1
246068124608134,20250206,1
246068124608136,20250208,1
246068124608131,20250210,1
246068124608134,20250213,1
246068124608135,20250221,1
246068124608134,20250227,1
246068124608136,20250301,1
246068124608135,20250307,1
246068124608136,20250308,1
246068124608131,20250310,1
246068124608131,20250317,1
246068124608136,20250329,1
246068124608134,20250410,1
246068124608135,20250411,1
246068124608136,20250412,1
246068124608132,20250415,1
246068124608135,20250418,1
246068124608132,20250422,1
246068124608133,20250423,1
246068124608136,20250426,1
246068124608133,20250430,1
246068124608133,20250514,1
246068124608135,20250516,1
<<<<<<< HEAD
246066924606736,20241228,1
246070324607234,20250206,1
246070324607236,20250208,1
246073124608146,20250405,1
246073124608141,20250407,1
246073124608142,20250408,1
246073124608145,20250418,1
246073124608141,20250421,1
246073124608142,20250422,1
246073124608143,20250423,1
246073124608145,20250502,1
246073124608145,20250509,1
246073124608145,20250516,1
246067724606794,20250102,1
246067724606795,20250103,1
246069524607004,20250123,1
246072324607284,20250220,1
246067524606783,20250101,1
246067924606806,20250104,1
246068124606943,20250115,1
246069724607013,20250122,1
246069724607015,20250124,1
246072524607293,20250219,1
=======
246068124606943,20250115,1
246069524607012,20250121,1
246069524607014,20250123,1
>>>>>>> new-branch
246073024608132,20250311,1
246073024608134,20250313,1
246073024608135,20250314,1
246073024608135,20250321,1
246073024608133,20250402,1
246073024608133,20250409,1
246073024608135,20250411,1
246073024608134,20250424,1
246073024608131,20250512,1
<<<<<<< HEAD
246069524607012,20250121,1
246069524607014,20250123,1
246070324607223,20250129,1
246070324607223,20250205,1
246070324607224,20250206,1
246070324607221,20250210,1
246070324607225,20250214,1
246073124608133,20250305,1
246073124608131,20250310,1
246073124608133,20250416,1
246073124608135,20250425,1
246073124608131,20250428,1
246073124608133,20250507,1
246073124608132,20250513,1
246070824608136,20250301,1
246070824608136,20250322,1
246068724608136,20250315,1
246068724608136,20250426,1
246066624607996,20250301,1
246066624607996,20250329,1
246066424606854,20241226,1
246066524607985,20241227,1
246066924607952,20250107,1
246066924607952,20250225,1
246066924607952,20250311,1
246068424606843,20250108,1
246069824607963,20250409,1
246069924607974,20250306,1
246073124607941,20250303,1
246073124607941,20250310,1
246073124607941,20250324,1
246066824607941,20250106,1
246066824607941,20250310,1
246066824607941,20250428,1
246066424607974,20250109,1
246066424607974,20250306,1
246069724607952,20250318,1
246069724607952,20250325,1
246069724607952,20250429,1
246068124607226,20250201,1
=======
>>>>>>> new-branch
246068124606931,20250113,1
246069624607003,20250122,1
246070224607217,20250126,1
246070224607217,20250209,1
246072424607285,20250221,1
246073024608123,20250226,1
246073024608124,20250227,1
246073024608122,20250304,1
246073024608122,20250311,1
246073024608125,20250328,1
246073024608122,20250401,1
246073024608121,20250407,1
246073024608121,20250414,1
246073024608124,20250417,1
246073024608125,20250502,1
246073024608127,20250504,1
246073024608122,20250513,1
<<<<<<< HEAD
246068124607167,20250119,1
246068124607167,20250209,1
246066524606725,20241227,1
246067924608136,20250111,1
246067924608136,20250301,1
246066824606781,20241230,1
=======
246067924608136,20250111,1
246067924608136,20250301,1
246067524606783,20250101,1
>>>>>>> new-branch
246068124608117,20250119,1
246068124608113,20250129,1
246068124608117,20250216,1
246068124608113,20250312,1
246068124608112,20250318,1
246068124608113,20250402,1
246068124608117,20250406,1
246068124608111,20250428,1
246068124608111,20250505,1
246068124608114,20250508,1
246068124608111,20250512,1
<<<<<<< HEAD
246066724606747,20241229,1
246068024608136,20250118,1
246068124606887,20250105,1
246070224607167,20250202,1
246073024608077,20250223,1
246073024608077,20250316,1
246073024608077,20250330,1
246073024608077,20250406,1
246066524606655,20241220,1
246067524606795,20250103,1
246068624608125,20250124,1
246068624608125,20250131,1
=======
246070324607234,20250206,1
246070324607236,20250208,1
246073124608146,20250405,1
246073124608141,20250407,1
246073124608142,20250408,1
246073124608145,20250418,1
246073124608141,20250421,1
246073124608142,20250422,1
246073124608143,20250423,1
246073124608145,20250502,1
246073124608145,20250509,1
246073124608145,20250516,1
246069524607004,20250123,1
246072324607284,20250220,1
246067924606806,20250104,1
246069724607013,20250122,1
246069724607015,20250124,1
246072524607293,20250219,1
246067824606805,20250103,1
246070324607223,20250129,1
246070324607223,20250205,1
246070324607224,20250206,1
246070324607221,20250210,1
246070324607225,20250214,1
246073124608133,20250305,1
246073124608131,20250310,1
246073124608133,20250416,1
246073124608135,20250425,1
246073124608131,20250428,1
246073124608133,20250507,1
246073124608132,20250513,1
246073024608113,20250226,1
246073024608113,20250312,1
246073024608114,20250320,1
246073024608111,20250324,1
246073024608111,20250407,1
246073024608117,20250420,1
246073024608114,20250501,1
246073024608114,20250508,1
246073024608112,20250513,1
246073524608125,20250404,1
246073524608125,20250425,1
246070824608136,20250301,1
246070824608136,20250322,1
246067624606802,20241231,1
246067624606805,20250103,1
246068724608136,20250315,1
246068724608136,20250426,1
246067924608125,20250103,1
>>>>>>> new-branch
246068224606924,20250109,1
246070324607203,20250205,1
246073124608112,20250225,1
246073124608111,20250303,1
246073124608114,20250306,1
246073124608113,20250312,1
246073124608111,20250317,1
246073124608111,20250324,1
246073124608114,20250417,1
246073124608113,20250430,1
246073124608111,20250505,1
<<<<<<< HEAD
=======
246067824606794,20250102,1
246067824606795,20250103,1
>>>>>>> new-branch
246070324607213,20250205,1
246070324607214,20250213,1
246070324607215,20250214,1
246072524607282,20250218,1
246073124608123,20250226,1
246073124608122,20250318,1
246073124608124,20250320,1
246073124608125,20250328,1
246073124608125,20250404,1
246073124608123,20250416,1
246073124608123,20250430,1
246073124608123,20250514,1
<<<<<<< HEAD
246067924608125,20250103,1
246066824606681,20241223,1
246066924606692,20241224,1
246067224606725,20241227,1
246068324608112,20250128,1
246068324608112,20250204,1
246068324608113,20250305,1
246068324608113,20250312,1
246068324608113,20250326,1
246067824606794,20250102,1
246067824606795,20250103,1
246066824606792,20241224,1
246066824606794,20241226,1
246066824606795,20241227,1
246070824607226,20250201,1
246072424607296,20250222,1
246066624608136,20250222,1
246066624608136,20250329,1
246066624608136,20250510,1
246066924606712,20241224,1
246066924606714,20241226,1
246066824606751,20241230,1
=======
246068024608136,20250118,1
246067524606795,20250103,1
246068124606887,20250105,1
246070224607167,20250202,1
246073024608077,20250223,1
246073024608077,20250316,1
246073024608077,20250330,1
246073024608077,20250406,1
246068124606946,20250118,1
246073024608136,20250503,1
246073024608137,20250504,1
>>>>>>> new-branch
246068324608123,20250108,1
246068324608125,20250131,1
246068324608122,20250211,1
246068324608125,20250221,1
246068324608123,20250226,1
246068324608122,20250304,1
246068324608123,20250305,1
246068324608124,20250327,1
246068324608125,20250404,1
246068324608123,20250416,1
246068324608124,20250501,1
246068324608122,20250513,1
246068324608123,20250514,1
246068324608124,20250515,1
<<<<<<< HEAD
246066524608125,20250124,1
246066524608125,20250221,1
246066524608125,20250321,1
246066524608125,20250328,1
246068124606927,20250105,1
246068124606922,20250114,1
246073024608117,20250316,1
246073024608112,20250318,1
246073024608113,20250319,1
246073024608114,20250410,1
246068124606946,20250118,1
246073024608136,20250503,1
246073024608137,20250504,1
246067324608136,20250215,1
246067324608136,20250412,1
246066724608077,20250309,1
=======
246067524606891,20241230,1
246067524606891,20250106,1
246068324608112,20250128,1
246068324608112,20250204,1
246068324608113,20250305,1
246068324608113,20250312,1
246068324608113,20250326,1
246067524607171,20241230,1
246067524607171,20250106,1
246070824607226,20250201,1
246072424607296,20250222,1
246067624606792,20241231,1
246068124607226,20250111,1
246068124607227,20250126,1
246068124607227,20250202,1
246067924607005,20250110,1
246068624608125,20250124,1
246068624608125,20250131,1
246067524606804,20250102,1
>>>>>>> new-branch
246068124608131,20250106,1
246068124608133,20250108,1
246068124608132,20250114,1
246068124608131,20250120,1
246068124608134,20250130,1
246068124608133,20250205,1
246068124608131,20250217,1
246068124608131,20250224,1
246068124608131,20250303,1
246068124608133,20250305,1
246068124608131,20250324,1
246068124608134,20250327,1
246068124608135,20250328,1
246068124608137,20250427,1
<<<<<<< HEAD
246067524606891,20241230,1
246067524606891,20250106,1
246066924606735,20241227,1
246069624606971,20250120,1
246068224606951,20250106,1
246068224606951,20250113,1
246068224606955,20250117,1
246068224606956,20250118,1
246068224606957,20250119,1
246070324607233,20250129,1
246070324607231,20250203,1
246070324607234,20250213,1
246073124608141,20250303,1
246073124608146,20250315,1
246073124608143,20250319,1
246073124608145,20250321,1
246073124608141,20250324,1
246073124608146,20250329,1
246073124608141,20250414,1
246073124608146,20250419,1
246073124608144,20250424,1
246073124608146,20250426,1
246073124608144,20250508,1
246068024607226,20250118,1
246069524607003,20250122,1
246068124606945,20250110,1
246068124606941,20250113,1
246068124606944,20250116,1
246069724607014,20250123,1
246070224607222,20250128,1
246070224607224,20250206,1
246070224607223,20250212,1
246072524607296,20250222,1
=======
246068124606945,20250110,1
246068124606941,20250113,1
246068124606944,20250116,1
246070224607222,20250128,1
246070224607224,20250206,1
246070224607223,20250212,1
>>>>>>> new-branch
246073024608131,20250224,1
246073024608133,20250226,1
246073024608133,20250305,1
246073024608131,20250331,1
246073024608134,20250403,1
246073024608131,20250407,1
246073024608135,20250418,1
246073024608131,20250421,1
246073024608132,20250429,1
246073024608135,20250509,1
246073024608134,20250515,1
246073024608135,20250516,1
<<<<<<< HEAD
246067524606941,20241230,1
246067524606944,20250102,1
246067524606943,20250115,1
246070324607221,20250127,1
246070324607222,20250128,1
246070324607224,20250130,1
246070324607225,20250131,1
246070324607226,20250208,1
246073124608135,20250228,1
246073124608136,20250301,1
246073124608132,20250304,1
246073124608131,20250317,1
246073124608133,20250319,1
246073124608132,20250325,1
246073124608133,20250326,1
246073124608135,20250328,1
246073124608131,20250331,1
246073124608134,20250403,1
246073124608134,20250424,1
246073124608136,20250426,1
246073124608136,20250503,1
246073124608133,20250514,1
246073124608134,20250515,1
246073124608136,20250517,1
246067924607005,20250110,1
246067624606792,20241231,1
246070824608136,20250201,1
246068724608136,20250215,1
246068724608136,20250322,1
246068724608136,20250510,1
246066624607996,20250308,1
246066424606854,20250102,1
246066524607985,20250103,1
246066524607985,20250124,1
246066524607985,20250321,1
246066524607985,20250425,1
246066924607952,20250114,1
246066924607952,20250204,1
246066924607952,20250211,1
246066924607952,20250325,1
246066924607952,20250408,1
246069824607963,20250423,1
246069924607974,20250130,1
246069924607974,20250227,1
246069924607974,20250501,1
246066824607941,20250127,1
246066824607941,20250210,1
246066224606832,20241231,1
246066224606832,20250107,1
246066424607974,20250130,1
246069724607952,20250408,1
246068124607226,20250111,1
246068124607227,20250126,1
246068124607227,20250202,1
246067524606804,20250102,1
=======
>>>>>>> new-branch
246068124606934,20250109,1
246068124606935,20250110,1
246068124606934,20250116,1
246070224607211,20250127,1
246070224607214,20250130,1
246070224607215,20250131,1
246070224607214,20250213,1
246073024608121,20250303,1
246073024608124,20250306,1
246073024608127,20250316,1
246073024608122,20250325,1
246073024608123,20250326,1
246073024608125,20250418,1
246073024608122,20250422,1
246073024608124,20250501,1
246073024608122,20250506,1
246073024608127,20250511,1
246067924608135,20250131,1
246067924608135,20250214,1
246067924608135,20250307,1
246067924608136,20250322,1
<<<<<<< HEAD
246066824606782,20241224,1
=======
>>>>>>> new-branch
246068124608111,20250113,1
246068124608113,20250115,1
246068124608117,20250126,1
246068124608112,20250218,1
246068124608117,20250223,1
246068124608111,20250303,1
246068124608117,20250309,1
246068124608114,20250320,1
246068124608112,20250408,1
246068124608114,20250424,1
246068124608117,20250427,1
246068124608113,20250507,1
246068124608112,20250513,1
246068124608114,20250515,1
<<<<<<< HEAD
246068024608136,20250315,1
246068024608136,20250412,1
246068024608136,20250419,1
246068024608136,20250517,1
246068124606887,20250112,1
246073024608077,20250309,1
246073024608077,20250420,1
246073024608077,20250427,1
246072424607241,20250217,1
246067324606736,20241228,1
246068624608125,20250207,1
246068624608125,20250321,1
246068624608125,20250502,1
246066824606725,20241227,1
=======
246068024607226,20250118,1
246069624606971,20250120,1
246068224606951,20250106,1
246068224606951,20250113,1
246068224606955,20250117,1
246068224606956,20250118,1
246068224606957,20250119,1
246070324607233,20250129,1
246070324607231,20250203,1
246070324607234,20250213,1
246073124608141,20250303,1
246073124608146,20250315,1
246073124608143,20250319,1
246073124608145,20250321,1
246073124608141,20250324,1
246073124608146,20250329,1
246073124608141,20250414,1
246073124608146,20250419,1
246073124608144,20250424,1
246073124608146,20250426,1
246073124608144,20250508,1
246069524607003,20250122,1
246069724607014,20250123,1
246072524607296,20250222,1
246068224606944,20250116,1
246070324607221,20250127,1
246070324607222,20250128,1
246070324607224,20250130,1
246070324607225,20250131,1
246070324607226,20250208,1
246073124608135,20250228,1
246073124608136,20250301,1
246073124608132,20250304,1
246073124608131,20250317,1
246073124608133,20250319,1
246073124608132,20250325,1
246073124608133,20250326,1
246073124608135,20250328,1
246073124608131,20250331,1
246073124608134,20250403,1
246073124608134,20250424,1
246073124608136,20250426,1
246073124608136,20250503,1
246073124608133,20250514,1
246073124608134,20250515,1
246073124608136,20250517,1
246068124606927,20250105,1
246068124606922,20250114,1
246073024608117,20250316,1
246073024608112,20250318,1
246073024608113,20250319,1
246073024608114,20250410,1
246070824608136,20250201,1
246068724608136,20250215,1
246068724608136,20250322,1
246068724608136,20250510,1
246067924608125,20250321,1
246067924608125,20250404,1
246067924608125,20250502,1
246069724607062,20250128,1
246070324607031,20250127,1
>>>>>>> new-branch
246068224606922,20250107,1
246070324607203,20250212,1
246070324607204,20250213,1
246072524607273,20250219,1
246073124608113,20250226,1
246073124608112,20250401,1
246073124608114,20250403,1
246073124608112,20250415,1
246073124608113,20250416,1
246073124608111,20250421,1
246073124608112,20250422,1
246073124608111,20250428,1
246073124608114,20250515,1
<<<<<<< HEAD
=======
246068224606934,20250109,1
246068224606933,20250115,1
>>>>>>> new-branch
246070324607211,20250127,1
246070324607211,20250203,1
246073124608121,20250224,1
246073124608124,20250306,1
246073124608122,20250325,1
246073124608123,20250326,1
246073124608122,20250408,1
246073124608121,20250512,1
<<<<<<< HEAD
246067924608125,20250321,1
246067924608125,20250404,1
246067924608125,20250502,1
246073124608081,20250428,1
246068324608114,20250206,1
246068324608112,20250218,1
246068324608112,20250318,1
246068324608112,20250429,1
246068324608113,20250430,1
246068324608112,20250513,1
246068224606934,20250109,1
246068224606933,20250115,1
246069724607062,20250128,1
246070324607031,20250127,1
=======
246068024608136,20250315,1
246068024608136,20250412,1
246068024608136,20250419,1
246068024608136,20250517,1
>>>>>>> new-branch
246068124608077,20250309,1
246068124608077,20250316,1
246068124608077,20250323,1
246068124608077,20250330,1
<<<<<<< HEAD
246066624608136,20250125,1
246066624608136,20250517,1
=======
246072424607241,20250217,1
246068124606887,20250112,1
246073024608077,20250309,1
246073024608077,20250420,1
246073024608077,20250427,1
246068024606806,20250104,1
246068124606947,20250112,1
246070224607226,20250215,1
246073024608137,20250302,1
246073024608137,20250309,1
246073024608137,20250323,1
246073024608136,20250405,1
246068224606891,20250113,1
246073124608081,20250428,1
>>>>>>> new-branch
246068324608125,20250110,1
246068324608124,20250116,1
246068324608122,20250121,1
246068324608125,20250124,1
246068324608123,20250212,1
246068324608124,20250220,1
246068324608124,20250227,1
246068324608125,20250307,1
246068324608123,20250312,1
246068324608125,20250321,1
246068324608122,20250408,1
246068324608123,20250409,1
246068324608124,20250424,1
246068324608125,20250516,1
<<<<<<< HEAD
246068024606806,20250104,1
246069524607001,20250120,1
246072324607281,20250217,1
246073524608125,20250307,1
246073524608125,20250509,1
246068124606924,20250109,1
246070224607207,20250202,1
246073024608111,20250303,1
246073024608117,20250309,1
246073024608117,20250323,1
246073024608117,20250330,1
246073024608112,20250401,1
246073024608112,20250408,1
246073024608113,20250416,1
246073024608112,20250429,1
246073024608117,20250511,1
246073024608111,20250512,1
246066824607171,20241230,1
246066824607171,20250106,1
246066824607171,20250113,1
246069724606972,20250121,1
246072524607252,20250218,1
246068224606891,20250113,1
246068124606947,20250112,1
246070224607226,20250215,1
246073024608137,20250302,1
246073024608137,20250309,1
246073024608137,20250323,1
246073024608136,20250405,1
246071424608125,20250214,1
246071424608125,20250221,1
246071424608125,20250228,1
246068024606946,20250118,1
246066724608077,20250119,1
246066724608077,20250302,1
246066724608077,20250413,1
246066724608077,20250420,1
246066724608077,20250427,1
246066724608077,20250504,1
246070324607075,20250131,1
246070024607005,20250124,1
=======
246068324608114,20250206,1
246068324608112,20250218,1
246068324608112,20250318,1
246068324608112,20250429,1
246068324608113,20250430,1
246068324608112,20250513,1
246067524607171,20250113,1
246067524607171,20250120,1
246069724606972,20250121,1
246068024606946,20250118,1
246072524607252,20250218,1
246067724606803,20250101,1
246068124607227,20250119,1
246068124607226,20250208,1
246072324607297,20250216,1
246068124607167,20250112,1
246067924607005,20250124,1
246070324607075,20250131,1
246071424608125,20250214,1
246071424608125,20250221,1
246071424608125,20250228,1
246068624608125,20250207,1
246068624608125,20250321,1
246068624608125,20250502,1
246067524606805,20250103,1
>>>>>>> new-branch
246068124608137,20250105,1
246068124608132,20250107,1
246068124608135,20250124,1
246068124608137,20250126,1
246068124608131,20250127,1
246068124608135,20250131,1
246068124608137,20250216,1
246068124608133,20250219,1
246068124608137,20250223,1
246068124608135,20250228,1
246068124608135,20250314,1
246068124608133,20250326,1
246068124608136,20250405,1
246068124608131,20250407,1
246068124608133,20250416,1
246068124608137,20250420,1
246068124608131,20250421,1
246068124608134,20250501,1
246068124608137,20250504,1
246068124608136,20250510,1
246068124608137,20250511,1
246068124608134,20250515,1
246068124608136,20250517,1
<<<<<<< HEAD
246067724606803,20250101,1
246068724606946,20250118,1
246072324607297,20250216,1
246066924606733,20241225,1
=======
246071024607171,20250203,1
246071024607171,20250210,1
246068124606942,20250107,1
246070224607222,20250204,1
246070224607225,20250214,1
246072324607293,20250219,1
246073024608132,20250225,1
246073024608132,20250304,1
246073024608131,20250317,1
246073024608134,20250327,1
246073024608133,20250416,1
246073024608135,20250502,1
246068724606946,20250118,1
246068124606932,20250107,1
246070224607213,20250129,1
246070224607215,20250207,1
246073024608121,20250310,1
246073024608125,20250321,1
246073024608121,20250324,1
246073024608125,20250411,1
246073024608127,20250413,1
246073024608127,20250420,1
246073024608125,20250509,1
246073024608123,20250514,1
246067924608136,20250201,1
246067924608136,20250315,1
246067924608135,20250516,1
246068124608111,20250127,1
246068124608117,20250202,1
246068124608111,20250210,1
246068124608114,20250227,1
246068124608114,20250306,1
246068124608112,20250311,1
246068124608114,20250313,1
246068124608117,20250316,1
246068124608112,20250325,1
246068124608111,20250407,1
246068124608113,20250409,1
246068124608114,20250417,1
246068124608111,20250421,1
246068124608112,20250429,1
>>>>>>> new-branch
246070324607232,20250128,1
246070324607235,20250131,1
246070324607232,20250211,1
246072624607306,20250222,1
246072624607307,20250223,1
246073124608141,20250224,1
246073124608142,20250225,1
246073124608143,20250226,1
246073124608142,20250304,1
246073124608145,20250307,1
246073124608141,20250331,1
246073124608142,20250401,1
246073124608144,20250403,1
246073124608145,20250404,1
246073124608144,20250410,1
246073124608146,20250412,1
246073124608144,20250417,1
246073124608145,20250425,1
246073124608141,20250428,1
246073124608143,20250430,1
246073124608146,20250503,1
246073124608146,20250510,1
246073124608141,20250512,1
246073124608143,20250514,1
<<<<<<< HEAD
246072324607282,20250218,1
246068124606942,20250107,1
246070224607222,20250204,1
246070224607225,20250214,1
246073024608132,20250225,1
246073024608132,20250304,1
246073024608131,20250317,1
246073024608134,20250327,1
246073024608133,20250416,1
246073024608135,20250502,1
246067524606945,20250103,1
246067524606945,20250110,1
246067524606944,20250116,1
246067524606945,20250117,1
246070324607221,20250203,1
246070324607224,20250213,1
246072324607293,20250219,1
=======
246072324607281,20250217,1
246072324607282,20250218,1
246068224606944,20250109,1
246068224606945,20250110,1
246068224606943,20250115,1
246068224606945,20250117,1
246070324607221,20250203,1
246070324607224,20250213,1
>>>>>>> new-branch
246073124608133,20250226,1
246073124608131,20250303,1
246073124608135,20250307,1
246073124608132,20250311,1
246073124608131,20250407,1
246073124608136,20250412,1
246073124608134,20250501,1
246073124608132,20250506,1
246073124608136,20250510,1
246073124608131,20250512,1
<<<<<<< HEAD
246067924607005,20250124,1
246071024607171,20250203,1
246071024607171,20250210,1
246070824608136,20250412,1
246070824608136,20250419,1
246068724608136,20250208,1
246068724608136,20250301,1
246068724608136,20250517,1
246066624607996,20241228,1
246066624607996,20250104,1
246066624607996,20250111,1
246066624607996,20250118,1
246066624607996,20250125,1
246066624607996,20250222,1
246066624607996,20250315,1
246066624607996,20250412,1
246066724607937,20241222,1
246066724607937,20250119,1
246066724607937,20250420,1
246066524607985,20250117,1
246066524607985,20250214,1
246066524607985,20250404,1
246066924607952,20241224,1
246066924607952,20250218,1
246069824607963,20250312,1
246069924607974,20250417,1
246066824607941,20250224,1
246066824607941,20250303,1
246066824607941,20250317,1
246066824607941,20250324,1
246066824607941,20250421,1
246066424607974,20250116,1
246066424607974,20250220,1
246066424607974,20250313,1
246066424607974,20250320,1
246066424607974,20250327,1
246066424607974,20250403,1
246066424607974,20250424,1
246069724607952,20250304,1
246069724607952,20250401,1
246067624606832,20250107,1
246068124607227,20250119,1
246068124607226,20250208,1
246067524606805,20250103,1
246068124606932,20250107,1
246070224607213,20250129,1
246070224607215,20250207,1
246073024608121,20250310,1
246073024608125,20250321,1
246073024608121,20250324,1
246073024608125,20250411,1
246073024608127,20250413,1
246073024608127,20250420,1
246073024608125,20250509,1
246073024608123,20250514,1
246068124607167,20250112,1
246067924608136,20250201,1
246067924608136,20250315,1
246067924608135,20250516,1
246066824606783,20241225,1
246066824606784,20250102,1
246068124608111,20250127,1
246068124608117,20250202,1
246068124608111,20250210,1
246068124608114,20250227,1
246068124608114,20250306,1
246068124608112,20250311,1
246068124608114,20250313,1
246068124608117,20250316,1
246068124608112,20250325,1
246068124608111,20250407,1
246068124608113,20250409,1
246068124608114,20250417,1
246068124608111,20250421,1
246068124608112,20250429,1
246066724606747,20241222,1
246068024608136,20250125,1
246068024608136,20250322,1
246068024608136,20250329,1
246068024608136,20250405,1
246070224607167,20250126,1
246070224607167,20250209,1
246073024608077,20250302,1
246068624608125,20250221,1
246068624608125,20250314,1
246068624608125,20250328,1
246067624606782,20241231,1
=======
246068124606924,20250109,1
246070224607207,20250202,1
246073024608111,20250303,1
246073024608117,20250309,1
246073024608117,20250323,1
246073024608117,20250330,1
246073024608112,20250401,1
246073024608112,20250408,1
246073024608113,20250416,1
246073024608112,20250429,1
246073024608117,20250511,1
246073024608111,20250512,1
246069524607001,20250120,1
246073524608125,20250307,1
246073524608125,20250509,1
246070824608136,20250412,1
246070824608136,20250419,1
246067624606804,20250102,1
246070024607005,20250124,1
246068724608136,20250208,1
246068724608136,20250301,1
246068724608136,20250517,1
246067924608125,20250124,1
246067924608125,20250307,1
246067924608125,20250425,1
>>>>>>> new-branch
246068224606923,20250108,1
246070324607201,20250203,1
246070324607202,20250204,1
246073124608111,20250310,1
246073124608113,20250402,1
246073124608111,20250407,1
246073124608112,20250429,1
246073124608113,20250507,1
246071024607202,20250204,1
<<<<<<< HEAD
=======
246068224606931,20250106,1
246068224606935,20250117,1
>>>>>>> new-branch
246069724607005,20250124,1
246070324607212,20250128,1
246070324607214,20250130,1
246073124608121,20250303,1
246073124608121,20250317,1
246073124608124,20250403,1
246073124608125,20250411,1
246073124608124,20250424,1
246073124608125,20250425,1
246073124608125,20250502,1
246073124608121,20250505,1
246073124608122,20250506,1
246073124608125,20250516,1
<<<<<<< HEAD
246067924608125,20250124,1
246067924608125,20250307,1
246067924608125,20250425,1
246067124606714,20241226,1
246066824606891,20250113,1
246070324607171,20250210,1
246073124608081,20250407,1
246073124608081,20250421,1
=======
246068024608136,20250125,1
246068024608136,20250322,1
246068024608136,20250329,1
246068024608136,20250405,1
246068124608077,20250413,1
246068124608077,20250511,1
246067524606794,20250102,1
246070224607167,20250126,1
246070224607167,20250209,1
246073024608077,20250302,1
246070224607227,20250202,1
246072924607296,20250222,1
246073024608136,20250315,1
246073024608137,20250406,1
246073024608137,20250427,1
246073024608136,20250517,1
246067924606795,20250103,1
246070324607171,20250210,1
246073124608081,20250407,1
246073124608081,20250421,1
246068324608122,20250107,1
246068324608123,20250129,1
246068324608123,20250205,1
246068324608125,20250207,1
246068324608125,20250425,1
246068324608122,20250506,1
>>>>>>> new-branch
246068324608113,20250108,1
246068324608112,20250114,1
246068324608114,20250130,1
246068324608113,20250226,1
246068324608112,20250408,1
246068324608113,20250409,1
246068324608114,20250410,1
246068324608113,20250416,1
<<<<<<< HEAD
246068224606931,20250106,1
246068224606935,20250117,1
246067524606794,20250102,1
246066824606712,20241224,1
246066824606794,20250102,1
246068124608077,20250413,1
246068124608077,20250511,1
246073624608136,20250322,1
246073624608136,20250405,1
246066624608136,20241228,1
246066624608136,20250201,1
246066624608136,20250301,1
246066624608136,20250503,1
246067924606795,20250103,1
246068324608122,20250107,1
246068324608123,20250129,1
246068324608123,20250205,1
246068324608125,20250207,1
246068324608125,20250425,1
246068324608122,20250506,1
246067024606773,20250101,1
246066524608125,20250103,1
246066524608125,20250110,1
246066724606736,20241228,1
246070724607215,20250131,1
246066824606723,20241225,1
246068124606923,20250115,1
246070224607202,20250128,1
246070224607204,20250206,1
246070224607202,20250211,1
246070224607204,20250213,1
246073024608113,20250326,1
246073024608114,20250417,1
246073024608112,20250422,1
246073024608111,20250428,1
246073024608117,20250504,1
246073024608114,20250515,1
246066824607171,20250120,1
246070224607227,20250202,1
246072924607296,20250222,1
246073024608136,20250315,1
246073024608137,20250406,1
246073024608137,20250427,1
246073024608136,20250517,1
246067324608136,20241228,1
246067324608136,20250118,1
246067324608136,20250222,1
246067324608136,20250329,1
246067324608136,20250503,1
246071424608125,20250502,1
246066724608077,20250316,1
246072824607285,20250221,1
246067424606801,20241230,1
=======
246067624606782,20241231,1
246073624608136,20250322,1
246073624608136,20250405,1
246068124607227,20250209,1
246072324607296,20250222,1
246068124607167,20250105,1
246068124607167,20250126,1
246071424608125,20250502,1
246068624608125,20250221,1
246068624608125,20250314,1
246068624608125,20250328,1
>>>>>>> new-branch
246068124608131,20250113,1
246068124608136,20250125,1
246068124608132,20250204,1
246068124608136,20250215,1
246068124608133,20250226,1
246068124608134,20250306,1
246068124608135,20250321,1
246068124608131,20250331,1
246068124608135,20250502,1
246068124608133,20250507,1
246068124608135,20250509,1
<<<<<<< HEAD
246068724606946,20250111,1
246072324607296,20250222,1
246066924606732,20241224,1
246066924606734,20241226,1
=======
246068124606941,20250106,1
246068124606945,20250117,1
246069524607015,20250124,1
246070224607223,20250205,1
246070224607222,20250211,1
246073024608134,20250227,1
246073024608132,20250325,1
246073024608131,20250414,1
246073024608132,20250415,1
246073024608132,20250422,1
246073024608133,20250423,1
246073024608133,20250507,1
246073024608134,20250508,1
246073024608132,20250513,1
246068724606946,20250111,1
246068124606931,20250106,1
246068124606933,20250108,1
246068124606935,20250117,1
246069624607004,20250123,1
246070224607211,20250210,1
246073024608125,20250314,1
246073024608121,20250331,1
246073024608125,20250404,1
246073024608125,20250425,1
246073024608127,20250427,1
246073024608121,20250505,1
246073024608124,20250508,1
246073024608124,20250515,1
246067924608136,20250118,1
246067924608135,20250124,1
246067924608135,20250404,1
246067924608135,20250411,1
246067924608136,20250419,1
246067924608135,20250502,1
246067924608136,20250503,1
246068124608114,20250123,1
246068124608112,20250211,1
246068124608113,20250212,1
246068124608114,20250213,1
246068124608117,20250302,1
246068124608113,20250305,1
246068124608112,20250422,1
246068024607226,20250111,1
>>>>>>> new-branch
246068224606954,20250109,1
246068224606954,20250116,1
246069824607027,20250126,1
246070324607236,20250201,1
246070324607237,20250216,1
246072624607305,20250221,1
246073124608144,20250227,1
246073124608146,20250308,1
246073124608143,20250312,1
246073124608142,20250318,1
246073124608147,20250323,1
246073124608144,20250327,1
246073124608143,20250409,1
246073124608143,20250507,1
246073124608147,20250511,1
<<<<<<< HEAD
246068024607226,20250111,1
246068124606941,20250106,1
246068124606945,20250117,1
246070224607223,20250205,1
246070224607222,20250211,1
246072524607292,20250218,1
246073024608134,20250227,1
246073024608132,20250325,1
246073024608131,20250414,1
246073024608132,20250415,1
246073024608132,20250422,1
246073024608133,20250423,1
246073024608133,20250507,1
246073024608134,20250508,1
246073024608132,20250513,1
246067524606943,20250101,1
246067524606941,20250106,1
246067524606946,20250111,1
246069524607015,20250124,1
=======
246067624606773,20250101,1
246072524607292,20250218,1
246067824606804,20250102,1
>>>>>>> new-branch
246070324607225,20250207,1
246073124608136,20250308,1
246073124608133,20250312,1
246073124608134,20250313,1
246073124608135,20250314,1
246073124608132,20250318,1
246073124608136,20250405,1
246073124608133,20250409,1
246073124608135,20250411,1
246073124608134,20250417,1
246073124608135,20250418,1
246073124608132,20250422,1
246073124608132,20250429,1
<<<<<<< HEAD
246068724608136,20250111,1
246068724608136,20250125,1
246068724608136,20250308,1
246067824606804,20250102,1
246066624607996,20241221,1
246066624607996,20250405,1
246066724607937,20250105,1
246066524607985,20250411,1
246066924607952,20250128,1
246066924607952,20250429,1
246069824607963,20250226,1
246069824607963,20250402,1
246069824607963,20250430,1
246069924607974,20250213,1
246069924607974,20250320,1
246069924607974,20250410,1
246073124607941,20250421,1
246069224606924,20250116,1
246066824607941,20241223,1
246066824607941,20241230,1
246066824607941,20250113,1
246066824607941,20250407,1
246066224606832,20241224,1
246066424607974,20241226,1
246066424607974,20250102,1
246066424607974,20250123,1
246066424607974,20250410,1
246066424607974,20250501,1
246069724607952,20250204,1
246069724607952,20250218,1
246069724607952,20250311,1
246068124607227,20250209,1
246068124606931,20250106,1
246068124606933,20250108,1
246068124606935,20250117,1
246069624607004,20250123,1
246070224607211,20250210,1
246073024608125,20250314,1
246073024608121,20250331,1
246073024608125,20250404,1
246073024608125,20250425,1
246073024608127,20250427,1
246073024608121,20250505,1
246073024608124,20250508,1
246073024608124,20250515,1
246068124607167,20250105,1
246068124607167,20250126,1
246066524606725,20241220,1
246067924608136,20250118,1
246067924608135,20250124,1
246067924608135,20250404,1
246067924608135,20250411,1
246067924608136,20250419,1
246067924608135,20250502,1
246067924608136,20250503,1
246066824606782,20241231,1
246068124608114,20250123,1
246068124608112,20250211,1
246068124608113,20250212,1
246068124608114,20250213,1
246068124608117,20250302,1
246068124608113,20250305,1
246068124608112,20250422,1
246067724606773,20250101,1
246068024608136,20250111,1
246068024608136,20250215,1
246068024608136,20250308,1
246068024608136,20250426,1
246068024608136,20250503,1
246073024608077,20250504,1
246073024608077,20250511,1
246069624606961,20250120,1
246068624608125,20250110,1
246068624608125,20250404,1
246068624608125,20250425,1
246068624608125,20250509,1
246067624606784,20250102,1
=======
246068124606923,20250115,1
246070224607202,20250128,1
246070224607204,20250206,1
246070224607202,20250211,1
246070224607204,20250213,1
246073024608113,20250326,1
246073024608114,20250417,1
246073024608112,20250422,1
246073024608111,20250428,1
246073024608117,20250504,1
246073024608114,20250515,1
246067924606935,20250110,1
246070724607215,20250131,1
246067624606806,20250104,1
246072824607285,20250221,1
246068724608136,20250111,1
246068724608136,20250125,1
246068724608136,20250308,1
246067924608125,20250207,1
246067924608125,20250221,1
246069724607062,20250121,1
246069724607064,20250130,1
>>>>>>> new-branch
246068224606922,20250114,1
246070324607202,20250128,1
246070324607202,20250211,1
246073124608113,20250319,1
246073124608113,20250409,1
246073124608112,20250506,1
246071024607204,20250206,1
246071024607204,20250213,1
<<<<<<< HEAD
=======
246068224606932,20250107,1
>>>>>>> new-branch
246072524607283,20250219,1
246073124608122,20250225,1
246073124608124,20250227,1
246073124608123,20250305,1
246073124608122,20250311,1
246073124608123,20250312,1
246073124608125,20250418,1
246073124608121,20250428,1
246073124608122,20250429,1
246073124608124,20250508,1
246073124608122,20250513,1
246073124608124,20250515,1
<<<<<<< HEAD
246067924608125,20250207,1
246067924608125,20250221,1
246073124608081,20250224,1
246073124608081,20250505,1
246066924606725,20241227,1
246068324608112,20250107,1
246068324608114,20250116,1
246068324608112,20250121,1
246068324608113,20250205,1
246068324608113,20250212,1
246068324608114,20250213,1
246068324608112,20250304,1
246068324608113,20250319,1
246068324608112,20250325,1
246068324608114,20250327,1
246068324608112,20250422,1
246068224606932,20250107,1
246067524606762,20241231,1
246067524606784,20250102,1
246069724607062,20250121,1
246069724607064,20250130,1
246066824606792,20241231,1
246068124608077,20250223,1
246068124608077,20250302,1
246069624607011,20250120,1
246072424607291,20250217,1
246066624608136,20250104,1
246066624608136,20250315,1
246066624608136,20250322,1
=======
246068024608136,20250111,1
246068024608136,20250215,1
246068024608136,20250308,1
246068024608136,20250426,1
246068024608136,20250503,1
246068124608077,20250223,1
246068124608077,20250302,1
246067724606773,20250101,1
246073024608077,20250504,1
246073024608077,20250511,1
246069624606961,20250120,1
246070124607016,20250125,1
246070224607226,20250208,1
246073024608137,20250223,1
246073024608137,20250316,1
246073024608136,20250426,1
246072324607247,20250216,1
246073124608081,20250224,1
246073124608081,20250505,1
>>>>>>> new-branch
246068324608122,20250128,1
246068324608124,20250206,1
246068324608124,20250213,1
246068324608122,20250218,1
246068324608122,20250225,1
246068324608125,20250314,1
246068324608122,20250318,1
246068324608123,20250319,1
246068324608122,20250325,1
246068324608124,20250403,1
246068324608123,20250423,1
<<<<<<< HEAD
246066524608125,20250117,1
246066524608125,20250418,1
246066524608125,20250516,1
246067124606784,20241226,1
246072324607247,20250216,1
246072324607285,20250221,1
246073524608125,20250328,1
246068124606922,20250107,1
246068124606921,20250113,1
246070224607207,20250126,1
246070224607201,20250127,1
246070224607204,20250130,1
246070224607203,20250205,1
246073024608114,20250306,1
246073024608112,20250415,1
246073024608114,20250424,1
246070124607016,20250125,1
246070224607226,20250208,1
246073024608137,20250223,1
246073024608137,20250316,1
246073024608136,20250426,1
246067324608136,20250419,1
246068624607005,20250110,1
246068624607005,20250117,1
246071424608125,20250516,1
246066724608077,20241229,1
246066724608077,20250202,1
246066724608077,20250330,1
246070324607071,20250127,1
=======
246068324608112,20250107,1
246068324608114,20250116,1
246068324608112,20250121,1
246068324608113,20250205,1
246068324608113,20250212,1
246068324608114,20250213,1
246068324608112,20250304,1
246068324608113,20250319,1
246068324608112,20250325,1
246068324608114,20250327,1
246068324608112,20250422,1
246067524606784,20250102,1
246067624606784,20250102,1
246067524606762,20241231,1
246067524607171,20250127,1
246067524607171,20250210,1
246069624607011,20250120,1
246072424607291,20250217,1
246068124607226,20250118,1
246067924607005,20250103,1
246070324607071,20250127,1
246071424608125,20250516,1
246068624608125,20250110,1
246068624608125,20250404,1
246068624608125,20250425,1
246068624608125,20250509,1
246067524606801,20241230,1
246067524606802,20241231,1
>>>>>>> new-branch
246068124608137,20250112,1
246068124608135,20250117,1
246068124608132,20250128,1
246068124608133,20250129,1
246068124608137,20250209,1
246068124608132,20250318,1
246068124608135,20250425,1
246068124608132,20250429,1
246068124608131,20250505,1
<<<<<<< HEAD
246066724606734,20241226,1
246068224606953,20250108,1
246068224606952,20250114,1
246069824607024,20250123,1
246070324607237,20250202,1
246070324607237,20250209,1
246070324607235,20250214,1
246073124608145,20250228,1
246073124608145,20250411,1
246073124608147,20250427,1
246073124608144,20250501,1
246073124608146,20250517,1
246068024607226,20250104,1
246068024607226,20250125,1
246067724606793,20250101,1
246069724607016,20250125,1
246070224607223,20250129,1
246072524607295,20250221,1
=======
246069524607013,20250122,1
246070224607223,20250129,1
246072324607295,20250221,1
>>>>>>> new-branch
246073024608135,20250228,1
246073024608134,20250306,1
246073024608135,20250307,1
246073024608133,20250319,1
246073024608131,20250324,1
246073024608132,20250408,1
<<<<<<< HEAD
246067524606942,20241231,1
246067524606942,20250107,1
246069524607013,20250122,1
246072324607295,20250221,1
246073124608132,20250225,1
246073124608136,20250322,1
246073124608131,20250324,1
246073124608134,20250327,1
246073124608136,20250329,1
246073124608132,20250401,1
246073124608132,20250408,1
246073124608131,20250505,1
246073124608135,20250509,1
246067924607005,20250103,1
246070824608136,20250517,1
246068724608136,20250222,1
246068724608136,20250419,1
246068724608136,20250503,1
246066724607937,20250126,1
246066724607937,20250309,1
246066724607937,20250413,1
246066524607985,20250131,1
246066524607985,20250221,1
246066524607985,20250307,1
246066524607985,20250314,1
246066924607952,20250318,1
246069824607963,20250122,1
246069824607963,20250129,1
246069824607963,20250205,1
246069824607963,20250305,1
246069824607963,20250326,1
246069924607974,20250123,1
246069924607974,20250206,1
246069924607974,20250220,1
246069924607974,20250313,1
246069924607974,20250403,1
246073124607941,20250331,1
246073124607941,20250428,1
246066824607941,20250217,1
246066424607974,20250206,1
246069724607952,20250128,1
246069724607952,20250211,1
246069024606902,20250114,1
246068124607226,20250118,1
246067524606801,20241230,1
246067524606802,20241231,1
246066824606691,20241223,1
=======
>>>>>>> new-branch
246068124606933,20250115,1
246070224607211,20250203,1
246070224607213,20250212,1
246072424607281,20250217,1
246073024608127,20250223,1
246073024608123,20250305,1
246073024608125,20250307,1
246073024608127,20250309,1
246073024608124,20250313,1
246073024608123,20250319,1
246073024608124,20250320,1
246073024608124,20250327,1
246073024608123,20250409,1
246073024608122,20250429,1
246073024608125,20250516,1
246067924608136,20250215,1
246067924608135,20250221,1
246067924608136,20250405,1
246067924608136,20250412,1
246067924608136,20250426,1
<<<<<<< HEAD
246066824606781,20241223,1
=======
>>>>>>> new-branch
246068124608114,20250116,1
246068124608112,20250121,1
246068124608113,20250122,1
246068124608112,20250204,1
246068124608114,20250220,1
246068124608112,20250225,1
246068124608111,20250310,1
246068124608114,20250410,1
246068124608113,20250416,1
246068124608117,20250504,1
246068124608112,20250506,1
<<<<<<< HEAD
246073024608077,20250413,1
246069524606957,20250119,1
246068624608125,20250418,1
246066824606724,20241226,1
=======
246068024607226,20250104,1
246068024607226,20250125,1
246068224606953,20250108,1
246068224606952,20250114,1
246069824607024,20250123,1
246070324607237,20250202,1
246070324607237,20250209,1
246070324607235,20250214,1
246073124608145,20250228,1
246073124608145,20250411,1
246073124608147,20250427,1
246073124608144,20250501,1
246073124608146,20250517,1
246072324607285,20250221,1
246069724607016,20250125,1
246072524607295,20250221,1
246068224606942,20250114,1
246073124608132,20250225,1
246073124608136,20250322,1
246073124608131,20250324,1
246073124608134,20250327,1
246073124608136,20250329,1
246073124608132,20250401,1
246073124608132,20250408,1
246073124608131,20250505,1
246073124608135,20250509,1
246068124606922,20250107,1
246068124606921,20250113,1
246070224607207,20250126,1
246070224607201,20250127,1
246070224607204,20250130,1
246070224607203,20250205,1
246073024608114,20250306,1
246073024608112,20250415,1
246073024608114,20250424,1
246073524608125,20250328,1
246070824608136,20250517,1
246068724608136,20250222,1
246068724608136,20250419,1
246068724608136,20250503,1
246067924608125,20250214,1
246067924608125,20250228,1
246067924608125,20250328,1
246067924608125,20250509,1
246067624606762,20241231,1
>>>>>>> new-branch
246068224606921,20250106,1
246068224606921,20250113,1
246068224606924,20250116,1
246070324607204,20250206,1
246072524607272,20250218,1
246073124608113,20250326,1
246073124608111,20250414,1
<<<<<<< HEAD
246067624606762,20241231,1
=======
246068224606934,20250116,1
>>>>>>> new-branch
246069724607002,20250121,1
246069724607004,20250123,1
246070324607211,20250210,1
246073124608122,20250304,1
246073124608124,20250313,1
246073124608121,20250331,1
246073124608123,20250409,1
246073124608124,20250417,1
246073124608122,20250422,1
<<<<<<< HEAD
246067924608125,20250214,1
246067924608125,20250228,1
246067924608125,20250328,1
246067924608125,20250509,1
246066824606891,20241223,1
246070324607171,20250127,1
246073124608081,20250324,1
246068324608113,20250122,1
246068324608113,20250129,1
246068324608114,20250220,1
246068324608112,20250225,1
246068324608114,20250501,1
246068224606934,20250116,1
246066824606791,20241230,1
246068124608077,20250126,1
246068124608077,20250420,1
246066624606946,20241228,1
246066624606946,20250111,1
246069624607016,20250125,1
246070824607226,20250215,1
246073624608136,20250510,1
246066824606751,20241223,1
=======
246068124608077,20250126,1
246068124608077,20250420,1
246073024608077,20250413,1
246069524606957,20250119,1
246073024608137,20250330,1
246073024608137,20250420,1
246073024608137,20250511,1
246069524606967,20250119,1
246070324607171,20250127,1
246073124608081,20250324,1
>>>>>>> new-branch
246068324608123,20250115,1
246068324608122,20250204,1
246068324608124,20250313,1
246068324608123,20250326,1
246068324608122,20250415,1
246068324608125,20250418,1
246068324608123,20250430,1
<<<<<<< HEAD
246067024606773,20241225,1
246066524608125,20250131,1
246066524608125,20250411,1
246066524608125,20250509,1
246067124606784,20250102,1
246066724606737,20241222,1
246069524606967,20250119,1
246070724607215,20250207,1
246070724607215,20250214,1
246073524608125,20250411,1
246073524608125,20250516,1
246068124606927,20250112,1
246070224607207,20250209,1
246070224607201,20250210,1
246070224607203,20250212,1
246073024608112,20250225,1
246073024608112,20250311,1
246073024608114,20250313,1
246073024608111,20250317,1
246073024608112,20250325,1
246073024608111,20250421,1
246073024608117,20250427,1
246073024608111,20250505,1
246073024608113,20250507,1
246073024608113,20250514,1
246066824607171,20250210,1
246073024608137,20250330,1
246073024608137,20250420,1
246073024608137,20250511,1
246067324608136,20250111,1
246067324608136,20250125,1
246067324608136,20250426,1
246071424608125,20250328,1
246071424608125,20250404,1
246068024606946,20250111,1
246066724608077,20250112,1
246066724608077,20250126,1
246067424606802,20241231,1
246067424606804,20250102,1
246067424606806,20250104,1
=======
246068324608113,20250122,1
246068324608113,20250129,1
246068324608114,20250220,1
246068324608112,20250225,1
246068324608114,20250501,1
246068024606946,20250111,1
246069624607016,20250125,1
246070824607226,20250215,1
246073624608136,20250510,1
246068124607227,20250112,1
246067924607005,20250117,1
246071424608125,20250328,1
246071424608125,20250404,1
246068624608125,20250418,1
>>>>>>> new-branch
246068124608134,20250109,1
246068124608137,20250119,1
246068124608133,20250122,1
246068124608134,20250123,1
246068124608137,20250202,1
246068124608135,20250207,1
246068124608133,20250212,1
246068124608132,20250218,1
246068124608132,20250225,1
246068124608137,20250309,1
246068124608132,20250311,1
246068124608133,20250312,1
246068124608136,20250315,1
246068124608137,20250316,1
246068124608134,20250320,1
246068124608137,20250330,1
246068124608133,20250402,1
246068124608137,20250413,1
246068124608131,20250428,1
246068124608132,20250506,1
246068124608131,20250512,1
246069524607011,20250120,1
<<<<<<< HEAD
246066724606731,20241223,1
246066724606733,20241225,1
246066724606735,20241227,1
246072424607251,20250217,1
246068024606816,20250104,1
246068224606952,20250107,1
246070324607231,20250127,1
246070324607233,20250205,1
246070324607231,20250210,1
246072624607303,20250219,1
246073124608146,20250301,1
246073124608144,20250306,1
246073124608142,20250311,1
246073124608147,20250406,1
246073124608147,20250420,1
246073124608147,20250518,1
246067124606724,20241226,1
246067124606725,20241227,1
246068024607226,20250208,1
246069524607002,20250121,1
246072324607283,20250219,1
246069724607012,20250121,1
=======
>>>>>>> new-branch
246070224607221,20250127,1
246073024608131,20250310,1
246073024608133,20250312,1
246073024608134,20250320,1
246073024608133,20250326,1
246073024608135,20250328,1
246073024608131,20250505,1
246073024608132,20250506,1
246073024608133,20250514,1
<<<<<<< HEAD
246067524606943,20250108,1
246070324607226,20250201,1
246070324607226,20250215,1
246073124608131,20250224,1
246073124608134,20250227,1
246073124608134,20250306,1
246073124608136,20250315,1
246073124608133,20250402,1
246073124608131,20250414,1
246073124608133,20250423,1
246073124608133,20250430,1
246073124608135,20250502,1
246073124608134,20250508,1
246073124608135,20250516,1
246067924607005,20250117,1
246070824608136,20250208,1
246070824608136,20250426,1
246068724608136,20250405,1
246067824606806,20250104,1
246066624607996,20250208,1
246066624607996,20250419,1
246066724607937,20250112,1
246066724607937,20250216,1
246066724607937,20250302,1
246066724607937,20250427,1
246066524607985,20241220,1
246066524607985,20250228,1
246066524607985,20250502,1
246066924607952,20241231,1
246069824607963,20250319,1
246069924607974,20250327,1
246073124607941,20250224,1
246066824607941,20250203,1
246066824607941,20250414,1
246066424607974,20250417,1
246069724607952,20250225,1
246068124607227,20250112,1
=======
>>>>>>> new-branch
246068124606937,20250105,1
246069624607001,20250120,1
246069624607005,20250124,1
246070224607217,20250202,1
246070224607212,20250204,1
246070224607214,20250206,1
246072424607283,20250219,1
246073024608125,20250228,1
246073024608122,20250318,1
246073024608123,20250402,1
246073024608127,20250406,1
246073024608121,20250421,1
246073024608123,20250423,1
246073024608124,20250424,1
246073024608121,20250428,1
246067924608135,20250110,1
246067924608136,20250125,1
246067924608135,20250228,1
246067924608135,20250425,1
246068124608113,20250108,1
246068124608112,20250128,1
246068124608114,20250130,1
246068124608117,20250209,1
246068124608111,20250217,1
246068124608113,20250219,1
246068124608111,20250317,1
246068124608113,20250319,1
246068124608112,20250401,1
246068124608117,20250413,1
246068124608113,20250430,1
246068124608113,20250514,1
<<<<<<< HEAD
246068024608136,20250201,1
246068024608136,20250301,1
246066624606666,20241221,1
246067524606791,20241230,1
246068624608125,20250214,1
246066824606721,20241223,1
=======
246068024607226,20250208,1
246072424607251,20250217,1
246068024606816,20250104,1
246068224606952,20250107,1
246070324607231,20250127,1
246070324607233,20250205,1
246070324607231,20250210,1
246072624607303,20250219,1
246073124608146,20250301,1
246073124608144,20250306,1
246073124608142,20250311,1
246073124608147,20250406,1
246073124608147,20250420,1
246073124608147,20250518,1
246069524607002,20250121,1
246072324607283,20250219,1
246067624606772,20241231,1
246069724607012,20250121,1
246067824606806,20250104,1
246068224606942,20250107,1
246068224606943,20250108,1
246068224606941,20250113,1
246070324607226,20250201,1
246070324607226,20250215,1
246073124608131,20250224,1
246073124608134,20250227,1
246073124608134,20250306,1
246073124608136,20250315,1
246073124608133,20250402,1
246073124608131,20250414,1
246073124608133,20250423,1
246073124608133,20250430,1
246073124608135,20250502,1
246073124608134,20250508,1
246073124608135,20250516,1
246068124606927,20250112,1
246070224607207,20250209,1
246070224607201,20250210,1
246070224607203,20250212,1
246073024608112,20250225,1
246073024608112,20250311,1
246073024608114,20250313,1
246073024608111,20250317,1
246073024608112,20250325,1
246073024608111,20250421,1
246073024608117,20250427,1
246073024608111,20250505,1
246073024608113,20250507,1
246073024608113,20250514,1
246070724607215,20250207,1
246070724607215,20250214,1
246073524608125,20250411,1
246073524608125,20250516,1
246070824608136,20250208,1
246070824608136,20250426,1
246068724608136,20250405,1
246067924608125,20250117,1
246067924608125,20250131,1
246067924608125,20250314,1
246067924608125,20250411,1
246067924608125,20250418,1
246067924608125,20250516,1
246067524606751,20241230,1
246067824606784,20250102,1
>>>>>>> new-branch
246068224606923,20250115,1
246069724606994,20250123,1
246073124608111,20250224,1
246073124608114,20250227,1
246073124608112,20250311,1
246073124608114,20250313,1
246073124608114,20250320,1
246073124608114,20250327,1
246073124608114,20250424,1
246073124608114,20250508,1
246073124608111,20250512,1
<<<<<<< HEAD
246067824606784,20250102,1
246071024607203,20250205,1
=======
246071024607203,20250205,1
246068224606935,20250110,1
>>>>>>> new-branch
246070324607215,20250131,1
246070324607212,20250204,1
246070324607214,20250206,1
246072524607284,20250220,1
246073124608125,20250228,1
246073124608123,20250319,1
246073124608125,20250321,1
246073124608124,20250327,1
246073124608121,20250407,1
246073124608125,20250509,1
<<<<<<< HEAD
246067924608125,20250117,1
246067924608125,20250131,1
246067924608125,20250314,1
246067924608125,20250411,1
246067924608125,20250418,1
246067924608125,20250516,1
246067524606751,20241230,1
246066824606891,20250106,1
246070324607171,20250203,1
246073124608081,20250303,1
246073124608081,20250331,1
246068324608114,20250306,1
246068324608113,20250402,1
246068324608113,20250507,1
246068324608113,20250514,1
246068324608114,20250515,1
246068224606935,20250110,1
246067524606761,20241230,1
246067524606792,20241231,1
246066824606711,20241223,1
246066824606791,20241223,1
246066824606795,20250103,1
246068124608077,20250202,1
246068124608077,20250216,1
246067424606747,20241229,1
246066724606677,20241222,1
246073624608136,20250329,1
246073624608136,20250503,1
246066624608136,20250426,1
=======
246068024608136,20250201,1
246068024608136,20250301,1
246068124608077,20250202,1
246068124608077,20250216,1
246067524606791,20241230,1
246067524606792,20241231,1
246070224607227,20250126,1
246073024608136,20250301,1
246073024608136,20250322,1
246073024608137,20250413,1
246073024608136,20250510,1
246069524606961,20250120,1
246068224606891,20250106,1
246070324607171,20250203,1
246073124608081,20250303,1
246073124608081,20250331,1
>>>>>>> new-branch
246068324608124,20250109,1
246068324608123,20250122,1
246068324608125,20250214,1
246068324608123,20250219,1
246068324608124,20250320,1
246068324608125,20250328,1
246068324608123,20250402,1
246068324608124,20250417,1
246068324608125,20250502,1
246068324608124,20250508,1
<<<<<<< HEAD
246069524606961,20250120,1
246068624606935,20250110,1
246073524608125,20250314,1
246073524608125,20250321,1
246073524608125,20250418,1
246068124606924,20250116,1
246070224607203,20250129,1
246070224607201,20250203,1
246070224607202,20250204,1
246073024608117,20250223,1
246073024608111,20250224,1
246073024608117,20250302,1
246073024608113,20250305,1
246073024608114,20250327,1
246073024608111,20250331,1
246073024608113,20250402,1
246073024608117,20250413,1
246073024608113,20250423,1
246073024608113,20250430,1
246073024608112,20250506,1
246068224606891,20250106,1
246070224607227,20250126,1
246073024608136,20250301,1
246073024608136,20250322,1
246073024608137,20250413,1
246073024608136,20250510,1
246067324608136,20250104,1
246071424608125,20250418,1
246071424608125,20250425,1
246068024606946,20250104,1
246066724608077,20241222,1
246066724608077,20250209,1
246066724608077,20250323,1
246066724608077,20250406,1
246066524606665,20241220,1
246066524606666,20241221,1
=======
246068324608114,20250306,1
246068324608113,20250402,1
246068324608113,20250507,1
246068324608113,20250514,1
246068324608114,20250515,1
246067524606761,20241230,1
246068024606946,20250104,1
246073624608136,20250329,1
246073624608136,20250503,1
246067624606794,20250102,1
246067624606795,20250103,1
246067724606806,20250104,1
246068124607226,20250125,1
246068124607226,20250215,1
246071424608125,20250418,1
246071424608125,20250425,1
246068624608125,20250214,1
246067524606806,20250104,1
>>>>>>> new-branch
246068124608136,20250111,1
246068124608133,20250115,1
246068124608136,20250201,1
246068124608131,20250203,1
246068124608132,20250211,1
246068124608136,20250222,1
246068124608133,20250319,1
246068124608137,20250323,1
246068124608132,20250401,1
246068124608135,20250404,1
246068124608131,20250414,1
246068124608136,20250419,1
246068124608136,20250503,1
246068124608134,20250508,1
<<<<<<< HEAD
246067724606806,20250104,1
246069524607017,20250119,1
246069524607016,20250125,1
246066724606732,20241224,1
246066924606724,20241226,1
246072424607252,20250218,1
246068024606817,20250105,1
246068224606955,20250110,1
246069824607023,20250122,1
246070324607234,20250130,1
246070324607235,20250207,1
246070324607233,20250212,1
246070324607236,20250215,1
246072624607304,20250220,1
246073124608143,20250305,1
246073124608147,20250309,1
246073124608141,20250310,1
246073124608144,20250313,1
246073124608144,20250320,1
246073124608146,20250322,1
246073124608143,20250402,1
246073124608147,20250413,1
246073124608142,20250429,1
246073124608142,20250506,1
246073124608142,20250513,1
246073124608144,20250515,1
246068024607226,20250201,1
246067924606805,20250103,1
=======
246069524607017,20250119,1
246069524607016,20250125,1
>>>>>>> new-branch
246068124606943,20250108,1
246068124606942,20250114,1
246070224607225,20250131,1
246070224607221,20250210,1
246070224607224,20250213,1
<<<<<<< HEAD
246072524607294,20250220,1
=======
246072324607292,20250218,1
246072324607294,20250220,1
>>>>>>> new-branch
246073024608134,20250410,1
246073024608134,20250417,1
246073024608135,20250425,1
246073024608131,20250428,1
246073024608134,20250501,1
<<<<<<< HEAD
246070324607222,20250204,1
246072324607292,20250218,1
246072324607294,20250220,1
246073124608134,20250320,1
246073124608134,20250410,1
246073124608136,20250419,1
246073124608131,20250421,1
246067624606794,20250102,1
246067624606795,20250103,1
246070824608136,20250215,1
246070824608136,20250308,1
246070824608136,20250329,1
246070824608136,20250503,1
246068724608136,20250201,1
246068724608136,20250329,1
246066624607996,20250426,1
246066724607937,20241229,1
246066724607937,20250209,1
246066724607937,20250223,1
246066724607937,20250316,1
246066524607985,20250110,1
246066524607985,20250418,1
246066924607952,20250121,1
246066924607952,20250304,1
246066924607952,20250401,1
246069824607963,20250212,1
246069824607963,20250219,1
246069724607952,20250415,1
246067624606832,20241231,1
246068124607226,20250125,1
246068124607226,20250215,1
246067524606806,20250104,1
246066824606692,20241224,1
=======
>>>>>>> new-branch
246068124606937,20250112,1
246068124606932,20250114,1
246070224607212,20250128,1
246070224607215,20250214,1
246072424607282,20250218,1
246073024608121,20250224,1
246073024608121,20250317,1
246073024608127,20250330,1
246073024608124,20250410,1
246073024608122,20250415,1
246073024608123,20250416,1
246073024608121,20250512,1
246067924608135,20250117,1
246067924608136,20250208,1
246067924608136,20250222,1
246067924608136,20250308,1
246067924608135,20250314,1
246067924608135,20250321,1
246067924608136,20250329,1
246067924608135,20250418,1
246067924608136,20250517,1
<<<<<<< HEAD
246066824606784,20241226,1
=======
>>>>>>> new-branch
246068124608111,20250106,1
246068124608117,20250112,1
246068124608111,20250120,1
246068124608113,20250205,1
246068124608114,20250206,1
246068124608111,20250224,1
246068124608113,20250226,1
246068124608112,20250304,1
246068124608111,20250324,1
246068124608113,20250326,1
246068124608117,20250330,1
246068124608111,20250331,1
246068124608114,20250403,1
246068124608111,20250414,1
246068124608117,20250420,1
246068124608113,20250423,1
<<<<<<< HEAD
=======
246068024607226,20250201,1
246072424607252,20250218,1
246068024606817,20250105,1
246068224606955,20250110,1
246069824607023,20250122,1
246070324607234,20250130,1
246070324607235,20250207,1
246070324607233,20250212,1
246070324607236,20250215,1
246072624607304,20250220,1
246073124608143,20250305,1
246073124608147,20250309,1
246073124608141,20250310,1
246073124608144,20250313,1
246073124608144,20250320,1
246073124608146,20250322,1
246073124608143,20250402,1
246073124608147,20250413,1
246073124608142,20250429,1
246073124608142,20250506,1
246073124608142,20250513,1
246073124608144,20250515,1
246067924606805,20250103,1
246072524607294,20250220,1
246068224606946,20250118,1
246070324607222,20250204,1
246073124608134,20250320,1
246073124608134,20250410,1
246073124608136,20250419,1
246073124608131,20250421,1
246068124606924,20250116,1
246070224607203,20250129,1
246070224607201,20250203,1
246070224607202,20250204,1
246073024608117,20250223,1
246073024608111,20250224,1
246073024608117,20250302,1
246073024608113,20250305,1
246073024608114,20250327,1
246073024608111,20250331,1
246073024608113,20250402,1
246073024608117,20250413,1
246073024608113,20250423,1
246073024608113,20250430,1
246073024608112,20250506,1
246073524608125,20250314,1
246073524608125,20250321,1
246073524608125,20250418,1
246070824608136,20250215,1
246070824608136,20250308,1
246070824608136,20250329,1
246070824608136,20250503,1
246068724608136,20250201,1
246068724608136,20250329,1
>>>>>>> new-branch
