service_id,monday,tuesday,wednesday,thursday,friday,saturday,sunday,start_date,end_date
246067924608125,0,0,0,0,0,0,0,20241230,20250518
246069724607064,0,0,0,0,0,0,0,20241230,20250518
246069724606992,0,0,0,0,0,0,0,20241230,20250518
246070324607201,0,0,0,0,0,0,0,20241230,20250518
246073124608113,0,0,0,0,0,0,0,20241230,20250518
246073124608112,0,0,0,0,0,0,0,20241230,20250518
246073124608111,0,0,0,0,0,0,0,20241230,20250518
246071024607201,0,0,0,0,0,0,0,20241230,20250518
246071024607202,0,0,0,0,0,0,0,20241230,20250518
246071024607203,0,0,0,0,0,0,0,20241230,20250518
246068224606933,0,0,0,0,0,0,0,20241230,20250518
246069724607003,0,0,0,0,0,0,0,20241230,20250518
246070324607213,0,0,0,0,0,0,0,20241230,20250518
246070324607215,0,0,0,0,0,0,0,20241230,20250518
246070324607212,0,0,0,0,0,0,0,20241230,20250518
246073124608125,0,0,0,0,0,0,0,20241230,20250518
246073124608121,0,0,0,0,0,0,0,20241230,20250518
246073124608122,0,0,0,0,0,0,0,20241230,20250518
246073124608124,0,0,0,0,0,0,0,20241230,20250518
246068024608136,0,0,0,0,0,0,0,20241230,20250518
246068124608077,0,0,0,0,0,0,0,20241230,20250518
246072324607237,0,0,0,0,0,0,0,20241230,20250518
246070224607227,0,0,0,0,0,0,0,20241230,20250518
246073024608136,0,0,0,0,0,0,0,20241230,20250518
246073124608081,0,0,0,0,0,0,0,20241230,20250518
246068324608122,0,0,0,0,0,0,0,20241230,20250518
246068324608124,0,0,0,0,0,0,0,20241230,20250518
246068324608125,0,0,0,0,0,0,0,20241230,20250518
246067524606891,0,0,0,0,0,0,0,20241230,20250518
246068324608113,0,0,0,0,0,0,0,20241230,20250518
246068324608112,0,0,0,0,0,0,0,20241230,20250518
246068324608114,0,0,0,0,0,0,0,20241230,20250518
246073624608136,0,0,0,0,0,0,0,20241230,20250518
246068124607227,0,0,0,0,0,0,0,20241230,20250518
246072324607291,0,0,0,0,0,0,0,20241230,20250518
246068124607167,0,0,0,0,0,0,0,20241230,20250518
246071424608125,0,0,0,0,0,0,0,20241230,20250518
246068624608125,0,0,0,0,0,0,0,20241230,20250518
246068124608135,0,0,0,0,0,0,0,20241230,20250518
246068124608136,0,0,0,0,0,0,0,20241230,20250518
246068124608132,0,0,0,0,0,0,0,20241230,20250518
246068124608134,0,0,0,0,0,0,0,20241230,20250518
246068124608137,0,0,0,0,0,0,0,20241230,20250518
246068124608133,0,0,0,0,0,0,0,20241230,20250518
246068124606944,0,0,0,0,0,0,0,20241230,20250518
246070224607224,0,0,0,0,0,0,0,20241230,20250518
246070224607221,0,0,0,0,0,0,0,20241230,20250518
246070224607225,0,0,0,0,0,0,0,20241230,20250518
246073024608131,0,0,0,0,0,0,0,20241230,20250518
246073024608132,0,0,0,0,0,0,0,20241230,20250518
246073024608135,0,0,0,0,0,0,0,20241230,20250518
246073024608133,0,0,0,0,0,0,0,20241230,20250518
246069624607002,0,0,0,0,0,0,0,20241230,20250518
246070224607213,0,0,0,0,0,0,0,20241230,20250518
246070224607212,0,0,0,0,0,0,0,20241230,20250518
246072424607284,0,0,0,0,0,0,0,20241230,20250518
246073024608122,0,0,0,0,0,0,0,20241230,20250518
246073024608127,0,0,0,0,0,0,0,20241230,20250518
246073024608123,0,0,0,0,0,0,0,20241230,20250518
246073024608124,0,0,0,0,0,0,0,20241230,20250518
246067524606803,0,0,0,0,0,0,0,20241230,20250518
246067924608135,0,0,0,0,0,0,0,20241230,20250518
246067924608136,0,0,0,0,0,0,0,20241230,20250518
246068124608117,0,0,0,0,0,0,0,20241230,20250518
246068124608112,0,0,0,0,0,0,0,20241230,20250518
246068124608114,0,0,0,0,0,0,0,20241230,20250518
246068124608111,0,0,0,0,0,0,0,20241230,20250518
246068024607226,0,0,0,0,0,0,0,20241230,20250518
246069624606972,0,0,0,0,0,0,0,20241230,20250518
246068224606956,0,0,0,0,0,0,0,20241230,20250518
246068224606957,0,0,0,0,0,0,0,20241230,20250518
246068224606953,0,0,0,0,0,0,0,20241230,20250518
246069824607025,0,0,0,0,0,0,0,20241230,20250518
246069824607026,0,0,0,0,0,0,0,20241230,20250518
246070324607232,0,0,0,0,0,0,0,20241230,20250518
246073124608147,0,0,0,0,0,0,0,20241230,20250518
246073124608145,0,0,0,0,0,0,0,20241230,20250518
246073124608141,0,0,0,0,0,0,0,20241230,20250518
246073124608142,0,0,0,0,0,0,0,20241230,20250518
246073124608143,0,0,0,0,0,0,0,20241230,20250518
246069524607007,0,0,0,0,0,0,0,20241230,20250518
246069524607005,0,0,0,0,0,0,0,20241230,20250518
246072324607287,0,0,0,0,0,0,0,20241230,20250518
246068224606941,0,0,0,0,0,0,0,20241230,20250518
246068224606946,0,0,0,0,0,0,0,20241230,20250518
246070324607222,0,0,0,0,0,0,0,20241230,20250518
246070324607223,0,0,0,0,0,0,0,20241230,20250518
246073124608135,0,0,0,0,0,0,0,20241230,20250518
246073124608132,0,0,0,0,0,0,0,20241230,20250518
246068124606921,0,0,0,0,0,0,0,20241230,20250518
246068124606923,0,0,0,0,0,0,0,20241230,20250518
246073024608114,0,0,0,0,0,0,0,20241230,20250518
246073024608112,0,0,0,0,0,0,0,20241230,20250518
246073024608111,0,0,0,0,0,0,0,20241230,20250518
246073024608117,0,0,0,0,0,0,0,20241230,20250518
246073024608113,0,0,0,0,0,0,0,20241230,20250518
246067924606935,0,0,0,0,0,0,0,20241230,20250518
246073524608125,0,0,0,0,0,0,0,20241230,20250518
246070824608136,0,0,0,0,0,0,0,20241230,20250518
246068724608136,0,0,0,0,0,0,0,20241230,20250518
246069724607063,0,0,0,0,0,0,0,20241230,20250518
246069724606993,0,0,0,0,0,0,0,20241230,20250518
246070324607203,0,0,0,0,0,0,0,20241230,20250518
246070324607204,0,0,0,0,0,0,0,20241230,20250518
246072524607274,0,0,0,0,0,0,0,20241230,20250518
246073124608114,0,0,0,0,0,0,0,20241230,20250518
246068224606931,0,0,0,0,0,0,0,20241230,20250518
246068224606932,0,0,0,0,0,0,0,20241230,20250518
246072524607285,0,0,0,0,0,0,0,20241230,20250518
246073124608123,0,0,0,0,0,0,0,20241230,20250518
246073024608077,0,0,0,0,0,0,0,20241230,20250518
246068124606947,0,0,0,0,0,0,0,20241230,20250518
246068124606946,0,0,0,0,0,0,0,20241230,20250518
246070224607226,0,0,0,0,0,0,0,20241230,20250518
246072324607241,0,0,0,0,0,0,0,20241230,20250518
246068324608123,0,0,0,0,0,0,0,20241230,20250518
246067524606781,0,0,0,0,0,0,0,20241230,20250518
246067524607171,0,0,0,0,0,0,0,20241230,20250518
246070824607226,0,0,0,0,0,0,0,20241230,20250518
246067524606782,0,0,0,0,0,0,0,20241230,20250518
246068124607226,0,0,0,0,0,0,0,20241230,20250518
246068124608131,0,0,0,0,0,0,0,20241230,20250518
246068124606943,0,0,0,0,0,0,0,20241230,20250518
246069524607012,0,0,0,0,0,0,0,20241230,20250518
246069524607014,0,0,0,0,0,0,0,20241230,20250518
246073024608134,0,0,0,0,0,0,0,20241230,20250518
246068124606931,0,0,0,0,0,0,0,20241230,20250518
246069624607003,0,0,0,0,0,0,0,20241230,20250518
246070224607217,0,0,0,0,0,0,0,20241230,20250518
246072424607285,0,0,0,0,0,0,0,20241230,20250518
246073024608125,0,0,0,0,0,0,0,20241230,20250518
246073024608121,0,0,0,0,0,0,0,20241230,20250518
246067524606783,0,0,0,0,0,0,0,20241230,20250518
246068124608113,0,0,0,0,0,0,0,20241230,20250518
246070324607234,0,0,0,0,0,0,0,20241230,20250518
246070324607236,0,0,0,0,0,0,0,20241230,20250518
246073124608146,0,0,0,0,0,0,0,20241230,20250518
246069524607004,0,0,0,0,0,0,0,20241230,20250518
246072324607284,0,0,0,0,0,0,0,20241230,20250518
246067924606806,0,0,0,0,0,0,0,20241230,20250518
246069724607013,0,0,0,0,0,0,0,20241230,20250518
246069724607015,0,0,0,0,0,0,0,20241230,20250518
246072524607293,0,0,0,0,0,0,0,20241230,20250518
246067824606805,0,0,0,0,0,0,0,20241230,20250518
246070324607224,0,0,0,0,0,0,0,20241230,20250518
246070324607221,0,0,0,0,0,0,0,20241230,20250518
246070324607225,0,0,0,0,0,0,0,20241230,20250518
246073124608133,0,0,0,0,0,0,0,20241230,20250518
246073124608131,0,0,0,0,0,0,0,20241230,20250518
246067624606802,0,0,0,0,0,0,0,20241230,20250518
246067624606805,0,0,0,0,0,0,0,20241230,20250518
246068224606924,0,0,0,0,0,0,0,20241230,20250518
246067824606794,0,0,0,0,0,0,0,20241230,20250518
246067824606795,0,0,0,0,0,0,0,20241230,20250518
246070324607214,0,0,0,0,0,0,0,20241230,20250518
246072524607282,0,0,0,0,0,0,0,20241230,20250518
246067524606795,0,0,0,0,0,0,0,20241230,20250518
246068124606887,0,0,0,0,0,0,0,20241230,20250518
246070224607167,0,0,0,0,0,0,0,20241230,20250518
246073024608137,0,0,0,0,0,0,0,20241230,20250518
246072424607296,0,0,0,0,0,0,0,20241230,20250518
246067624606792,0,0,0,0,0,0,0,20241230,20250518
246067924607005,0,0,0,0,0,0,0,20241230,20250518
246067524606804,0,0,0,0,0,0,0,20241230,20250518
246068124606945,0,0,0,0,0,0,0,20241230,20250518
246068124606941,0,0,0,0,0,0,0,20241230,20250518
246070224607222,0,0,0,0,0,0,0,20241230,20250518
246070224607223,0,0,0,0,0,0,0,20241230,20250518
246068124606934,0,0,0,0,0,0,0,20241230,20250518
246068124606935,0,0,0,0,0,0,0,20241230,20250518
246070224607211,0,0,0,0,0,0,0,20241230,20250518
246070224607214,0,0,0,0,0,0,0,20241230,20250518
246070224607215,0,0,0,0,0,0,0,20241230,20250518
246069624606971,0,0,0,0,0,0,0,20241230,20250518
246068224606951,0,0,0,0,0,0,0,20241230,20250518
246068224606955,0,0,0,0,0,0,0,20241230,20250518
246070324607233,0,0,0,0,0,0,0,20241230,20250518
246070324607231,0,0,0,0,0,0,0,20241230,20250518
246073124608144,0,0,0,0,0,0,0,20241230,20250518
246069524607003,0,0,0,0,0,0,0,20241230,20250518
246069724607014,0,0,0,0,0,0,0,20241230,20250518
246072524607296,0,0,0,0,0,0,0,20241230,20250518
246068224606944,0,0,0,0,0,0,0,20241230,20250518
246070324607226,0,0,0,0,0,0,0,20241230,20250518
246073124608136,0,0,0,0,0,0,0,20241230,20250518
246073124608134,0,0,0,0,0,0,0,20241230,20250518
246068124606927,0,0,0,0,0,0,0,20241230,20250518
246068124606922,0,0,0,0,0,0,0,20241230,20250518
246069724607062,0,0,0,0,0,0,0,20241230,20250518
246070324607031,0,0,0,0,0,0,0,20241230,20250518
246068224606922,0,0,0,0,0,0,0,20241230,20250518
246072524607273,0,0,0,0,0,0,0,20241230,20250518
246068224606934,0,0,0,0,0,0,0,20241230,20250518
246070324607211,0,0,0,0,0,0,0,20241230,20250518
246072424607241,0,0,0,0,0,0,0,20241230,20250518
246068024606806,0,0,0,0,0,0,0,20241230,20250518
246068224606891,0,0,0,0,0,0,0,20241230,20250518
246069724606972,0,0,0,0,0,0,0,20241230,20250518
246068024606946,0,0,0,0,0,0,0,20241230,20250518
246072524607252,0,0,0,0,0,0,0,20241230,20250518
246067724606803,0,0,0,0,0,0,0,20241230,20250518
246072324607297,0,0,0,0,0,0,0,20241230,20250518
246070324607075,0,0,0,0,0,0,0,20241230,20250518
246067524606805,0,0,0,0,0,0,0,20241230,20250518
246071024607171,0,0,0,0,0,0,0,20241230,20250518
246068124606942,0,0,0,0,0,0,0,20241230,20250518
246072324607293,0,0,0,0,0,0,0,20241230,20250518
246068724606946,0,0,0,0,0,0,0,20241230,20250518
246068124606932,0,0,0,0,0,0,0,20241230,20250518
246070324607235,0,0,0,0,0,0,0,20241230,20250518
246072624607306,0,0,0,0,0,0,0,20241230,20250518
246072624607307,0,0,0,0,0,0,0,20241230,20250518
246072324607281,0,0,0,0,0,0,0,20241230,20250518
246072324607282,0,0,0,0,0,0,0,20241230,20250518
246068224606945,0,0,0,0,0,0,0,20241230,20250518
246068224606943,0,0,0,0,0,0,0,20241230,20250518
246068124606924,0,0,0,0,0,0,0,20241230,20250518
246070224607207,0,0,0,0,0,0,0,20241230,20250518
246069524607001,0,0,0,0,0,0,0,20241230,20250518
246067624606804,0,0,0,0,0,0,0,20241230,20250518
246070024607005,0,0,0,0,0,0,0,20241230,20250518
246068224606923,0,0,0,0,0,0,0,20241230,20250518
246070324607202,0,0,0,0,0,0,0,20241230,20250518
246068224606935,0,0,0,0,0,0,0,20241230,20250518
246069724607005,0,0,0,0,0,0,0,20241230,20250518
246067524606794,0,0,0,0,0,0,0,20241230,20250518
246072924607296,0,0,0,0,0,0,0,20241230,20250518
246067924606795,0,0,0,0,0,0,0,20241230,20250518
246070324607171,0,0,0,0,0,0,0,20241230,20250518
246067624606782,0,0,0,0,0,0,0,20241230,20250518
246072324607296,0,0,0,0,0,0,0,20241230,20250518
246069524607015,0,0,0,0,0,0,0,20241230,20250518
246068124606933,0,0,0,0,0,0,0,20241230,20250518
246069624607004,0,0,0,0,0,0,0,20241230,20250518
246068224606954,0,0,0,0,0,0,0,20241230,20250518
246069824607027,0,0,0,0,0,0,0,20241230,20250518
246070324607237,0,0,0,0,0,0,0,20241230,20250518
246072624607305,0,0,0,0,0,0,0,20241230,20250518
246067624606773,0,0,0,0,0,0,0,20241230,20250518
246072524607292,0,0,0,0,0,0,0,20241230,20250518
246067824606804,0,0,0,0,0,0,0,20241230,20250518
246070224607202,0,0,0,0,0,0,0,20241230,20250518
246070224607204,0,0,0,0,0,0,0,20241230,20250518
246070724607215,0,0,0,0,0,0,0,20241230,20250518
246067624606806,0,0,0,0,0,0,0,20241230,20250518
246072824607285,0,0,0,0,0,0,0,20241230,20250518
246071024607204,0,0,0,0,0,0,0,20241230,20250518
246072524607283,0,0,0,0,0,0,0,20241230,20250518
246067724606773,0,0,0,0,0,0,0,20241230,20250518
246069624606961,0,0,0,0,0,0,0,20241230,20250518
246070124607016,0,0,0,0,0,0,0,20241230,20250518
246072324607247,0,0,0,0,0,0,0,20241230,20250518
246067524606784,0,0,0,0,0,0,0,20241230,20250518
246067624606784,0,0,0,0,0,0,0,20241230,20250518
246067524606762,0,0,0,0,0,0,0,20241230,20250518
246069624607011,0,0,0,0,0,0,0,20241230,20250518
246072424607291,0,0,0,0,0,0,0,20241230,20250518
246070324607071,0,0,0,0,0,0,0,20241230,20250518
246067524606801,0,0,0,0,0,0,0,20241230,20250518
246067524606802,0,0,0,0,0,0,0,20241230,20250518
246069524607013,0,0,0,0,0,0,0,20241230,20250518
246072324607295,0,0,0,0,0,0,0,20241230,20250518
246072424607281,0,0,0,0,0,0,0,20241230,20250518
246068224606952,0,0,0,0,0,0,0,20241230,20250518
246069824607024,0,0,0,0,0,0,0,20241230,20250518
246072324607285,0,0,0,0,0,0,0,20241230,20250518
246069724607016,0,0,0,0,0,0,0,20241230,20250518
246072524607295,0,0,0,0,0,0,0,20241230,20250518
246068224606942,0,0,0,0,0,0,0,20241230,20250518
246070224607201,0,0,0,0,0,0,0,20241230,20250518
246070224607203,0,0,0,0,0,0,0,20241230,20250518
246067624606762,0,0,0,0,0,0,0,20241230,20250518
246068224606921,0,0,0,0,0,0,0,20241230,20250518
246072524607272,0,0,0,0,0,0,0,20241230,20250518
246069724607002,0,0,0,0,0,0,0,20241230,20250518
246069724607004,0,0,0,0,0,0,0,20241230,20250518
246069524606957,0,0,0,0,0,0,0,20241230,20250518
246069524606967,0,0,0,0,0,0,0,20241230,20250518
246069624607016,0,0,0,0,0,0,0,20241230,20250518
246069524607011,0,0,0,0,0,0,0,20241230,20250518
246068124606937,0,0,0,0,0,0,0,20241230,20250518
246069624607001,0,0,0,0,0,0,0,20241230,20250518
246069624607005,0,0,0,0,0,0,0,20241230,20250518
246072424607283,0,0,0,0,0,0,0,20241230,20250518
246072424607251,0,0,0,0,0,0,0,20241230,20250518
246068024606816,0,0,0,0,0,0,0,20241230,20250518
246072624607303,0,0,0,0,0,0,0,20241230,20250518
246069524607002,0,0,0,0,0,0,0,20241230,20250518
246072324607283,0,0,0,0,0,0,0,20241230,20250518
246067624606772,0,0,0,0,0,0,0,20241230,20250518
246069724607012,0,0,0,0,0,0,0,20241230,20250518
246067824606806,0,0,0,0,0,0,0,20241230,20250518
246067524606751,0,0,0,0,0,0,0,20241230,20250518
246067824606784,0,0,0,0,0,0,0,20241230,20250518
246069724606994,0,0,0,0,0,0,0,20241230,20250518
246072524607284,0,0,0,0,0,0,0,20241230,20250518
246067524606791,0,0,0,0,0,0,0,20241230,20250518
246067524606792,0,0,0,0,0,0,0,20241230,20250518
246069524606961,0,0,0,0,0,0,0,20241230,20250518
246067524606761,0,0,0,0,0,0,0,20241230,20250518
246067624606794,0,0,0,0,0,0,0,20241230,20250518
246067624606795,0,0,0,0,0,0,0,20241230,20250518
246067724606806,0,0,0,0,0,0,0,20241230,20250518
246067524606806,0,0,0,0,0,0,0,20241230,20250518
246069524607017,0,0,0,0,0,0,0,20241230,20250518
246069524607016,0,0,0,0,0,0,0,20241230,20250518
246072324607292,0,0,0,0,0,0,0,20241230,20250518
246072324607294,0,0,0,0,0,0,0,20241230,20250518
246072424607282,0,0,0,0,0,0,0,20241230,20250518
246072424607252,0,0,0,0,0,0,0,20241230,20250518
246068024606817,0,0,0,0,0,0,0,20241230,20250518
246069824607023,0,0,0,0,0,0,0,20241230,20250518
246072624607304,0,0,0,0,0,0,0,20241230,20250518
246067924606805,0,0,0,0,0,0,0,20241230,20250518
246072524607294,0,0,0,0,0,0,0,20241230,20250518
