service_id,monday,tuesday,wednesday,thursday,friday,saturday,sunday,start_date,end_date
104150695363,1,0,1,0,0,1,0,20250310,20251229
204143645064,1,0,1,0,0,1,0,20241229,20250305
100150675067,0,0,0,0,0,1,0,20250308,20250308
107450685363,0,0,1,0,1,0,1,20250309,20251229
207443645066,0,0,1,0,1,0,1,20241229,20250307
106250495363,1,1,1,1,1,0,0,20250218,20251229
206243645045,1,1,1,1,1,0,0,20241229,20250214
106450545363,0,0,0,0,0,0,1,20250223,20251229
206443645040,0,0,0,0,0,0,1,20241229,20250209
103250485048,1,0,0,0,0,0,0,20250217,20250217
112750885363,1,1,1,1,1,1,1,20250329,20251229
212743645003,1,1,1,1,1,1,1,20241229,20250103
112750045031,1,1,1,1,1,1,1,20250104,20250131
106550325033,0,0,0,0,0,1,1,20250201,20250202
112750345087,1,1,1,1,1,1,1,20250203,20250328
106250905363,1,1,1,1,1,0,0,20250331,20251229
200643645003,0,0,0,1,1,0,0,20241229,20250103
106250065045,1,1,1,1,1,0,0,20250106,20250214
106250495087,1,1,1,1,1,0,0,20250218,20250328
205443645003,1,1,0,1,1,0,0,20241229,20250103
205043645003,1,1,0,0,1,0,0,20241229,20250103
100350875363,0,0,0,0,1,1,0,20250328,20251229
100350035025,0,0,0,0,1,1,0,20250103,20250125
100350315032,0,0,0,0,1,1,0,20250131,20250201
100350385081,0,0,0,0,1,1,0,20250207,20250322
106450475047,0,0,0,0,0,0,1,20250216,20250216
100150885363,0,0,0,0,0,1,0,20250329,20251229
100150045081,0,0,0,0,0,1,0,20250104,20250322
112450895363,1,1,1,1,0,0,1,20250330,20251229
112450055044,1,1,1,1,0,0,1,20250105,20250213
112450485086,1,1,1,1,0,0,1,20250217,20250327
106550885363,0,0,0,0,0,1,1,20250329,20251229
106550045082,0,0,0,0,0,1,1,20250104,20250323
106450895363,0,0,0,0,0,0,1,20250330,20251229
106450055040,0,0,0,0,0,0,1,20250105,20250209
106450545082,0,0,0,0,0,0,1,20250223,20250323
106550045040,0,0,0,0,0,1,1,20250104,20250209
100150465046,0,0,0,0,0,1,0,20250215,20250215
106550475082,0,0,0,0,0,1,1,20250216,20250323
100250035003,0,0,0,0,1,0,0,20250103,20250103
306543645363,0,0,0,0,0,1,1,20241229,20251229
106550045026,0,0,0,0,0,1,1,20250104,20250126
106550395082,0,0,0,0,0,1,1,20250208,20250323
106450055005,0,0,0,0,0,0,1,20250105,20250105
106450125019,0,0,0,0,0,0,1,20250112,20250119
106450265040,0,0,0,0,0,0,1,20250126,20250209
100150045004,0,0,0,0,0,1,0,20250104,20250104
100150115018,0,0,0,0,0,1,0,20250111,20250118
100150255081,0,0,0,0,0,1,0,20250125,20250322
106550045005,0,0,0,0,0,1,1,20250104,20250105
106550115019,0,0,0,0,0,1,1,20250111,20250119
106550255082,0,0,0,0,0,1,1,20250125,20250323
312743645363,1,1,1,1,1,1,1,20241229,20251229
212743645061,1,1,1,1,1,1,1,20241229,20250302
112750135363,1,1,1,1,1,1,1,20250113,20251229
212743645010,1,1,1,1,1,1,1,20241229,20250110
212743645009,1,1,1,1,1,1,1,20241229,20250109
100250105010,0,0,0,0,1,0,0,20250110,20250110
112750035010,1,1,1,1,1,1,1,20250103,20250110
100250945363,0,0,0,0,1,0,0,20250404,20251229
200243645003,0,0,0,0,1,0,0,20241229,20250103
100250105087,0,0,0,0,1,0,0,20250110,20250328
106250345045,1,1,1,1,1,0,0,20250203,20250214
106050905363,1,1,1,1,0,0,0,20250331,20251229
106050065044,1,1,1,1,0,0,0,20250106,20250213
106050495086,1,1,1,1,0,0,0,20250218,20250327
202243645003,0,1,0,1,1,0,0,20241229,20250103
106250035045,1,1,1,1,1,0,0,20250103,20250214
306243645363,1,1,1,1,1,0,0,20241229,20251229
307443645363,0,0,1,0,1,0,1,20241229,20251229
112750705363,1,1,1,1,1,1,1,20250311,20251229
112750695363,1,1,1,1,1,1,1,20250310,20251229
306443645363,0,0,0,0,0,0,1,20241229,20251229
300143645363,0,0,0,0,0,1,0,20241229,20251229
212743645067,1,1,1,1,1,1,1,20241229,20250308
109650685069,1,0,0,0,0,0,1,20250309,20250310
106450685068,0,0,0,0,0,0,1,20250309,20250309
106550395363,0,0,0,0,0,1,1,20250208,20251229
206543645026,0,0,0,0,0,1,1,20241229,20250126
306343645363,1,1,1,1,1,1,0,20241229,20251229
112750125363,1,1,1,1,1,1,1,20250112,20251229
106550115012,0,0,0,0,0,1,1,20250111,20250112
100350105011,0,0,0,0,1,1,0,20250110,20250111
106050495363,1,1,1,1,0,0,0,20250218,20251229
206043645044,1,1,1,1,0,0,0,20241229,20250213
103350465048,1,0,0,0,0,1,0,20250215,20250217
100150535363,0,0,0,0,0,1,0,20250222,20251229
200143645039,0,0,0,0,0,1,0,20241229,20250208
106550115363,0,0,0,0,0,1,1,20250111,20251229
207343645005,0,0,1,0,0,1,1,20241229,20250105
112750045087,1,1,1,1,1,1,1,20250104,20250328
300243645363,0,0,0,0,1,0,0,20241229,20251229
306043645363,1,1,1,1,0,0,0,20241229,20251229
106250065087,1,1,1,1,1,0,0,20250106,20250328
106450055082,0,0,0,0,0,0,1,20250105,20250323
112750685363,1,1,1,1,1,1,1,20250309,20251229
212743645066,1,1,1,1,1,1,1,20241229,20250307
212743645065,1,1,1,1,1,1,1,20241229,20250306
100250665066,0,0,0,0,1,0,0,20250307,20250307
102150705363,0,1,0,1,0,1,0,20250311,20251229
202143645065,0,1,0,1,0,1,0,20241229,20250306
107450895363,0,0,1,0,1,0,1,20250330,20251229
207443645003,0,0,1,0,1,0,1,20241229,20250103
107450055087,0,0,1,0,1,0,1,20250105,20250328
112750035363,1,1,1,1,1,1,1,20250103,20251229
212743645068,1,1,1,1,1,1,1,20241229,20250309
103250695069,1,0,0,0,0,0,0,20250310,20250310
108450705363,0,1,0,1,0,0,1,20250311,20251229
103750695363,1,0,0,1,0,1,0,20250310,20251229
208443645068,0,1,0,1,0,0,1,20241229,20250309
203743645067,1,0,0,1,0,1,0,20241229,20250308
112750625363,1,1,1,1,1,1,1,20250303,20251229
108250685363,0,1,0,0,1,0,1,20250309,20251229
208243645063,0,1,0,0,1,0,1,20241229,20250304
105750885363,1,1,1,0,0,1,0,20250329,20251229
107050895363,0,0,0,1,1,0,1,20250330,20251229
207043645003,0,0,0,1,1,0,1,20241229,20250103
105750045085,1,1,1,0,0,1,0,20250104,20250326
107050055087,0,0,0,1,1,0,1,20250105,20250328
112650455363,1,1,1,1,1,0,1,20250214,20251229
100150745363,0,0,0,0,0,1,0,20250315,20251229
200143645060,0,0,0,0,0,1,0,20241229,20250301
212643645036,1,1,1,1,1,0,1,20241229,20250205
112250385043,1,1,1,0,1,0,1,20250207,20250212
112750045039,1,1,1,1,1,1,1,20250104,20250208
106350415046,1,1,1,1,1,1,0,20250210,20250215
112750485066,1,1,1,1,1,1,1,20250217,20250307
112750685087,1,1,1,1,1,1,1,20250309,20250328
206743645005,0,0,0,0,1,1,1,20241229,20250105
110350095090,1,0,0,1,1,1,1,20250109,20250331
112750125066,1,1,1,1,1,1,1,20250112,20250307
112750135066,1,1,1,1,1,1,1,20250113,20250307
112450615363,1,1,1,1,0,0,1,20250302,20251229
100350735363,0,0,0,0,1,1,0,20250314,20251229
200343645066,0,0,0,0,1,1,0,20241229,20250307
210843645006,1,0,1,1,0,0,1,20241229,20250106
106050075044,1,1,1,1,0,0,0,20250107,20250213
106450125040,0,0,0,0,0,0,1,20250112,20250209
109650485054,1,0,0,0,0,0,1,20250217,20250223
106050495058,1,1,1,1,0,0,0,20250218,20250227
112050065043,1,1,1,0,0,0,1,20250106,20250212
100750095039,0,0,0,1,1,1,0,20250109,20250208
107150445053,0,0,0,1,1,1,1,20250213,20250222
105650485050,1,1,1,0,0,0,0,20250217,20250219
112050545057,1,1,1,0,0,0,1,20250223,20250226
112750585066,1,1,1,1,1,1,1,20250227,20250307
112752775363,1,1,1,1,1,1,1,20251004,20251229
112750685122,1,1,1,1,1,1,1,20250309,20250502
112751235276,1,1,1,1,1,1,1,20250503,20251003
206243645017,1,1,1,1,1,0,0,20241229,20250117
106250215045,1,1,1,1,1,0,0,20250121,20250214
103250205020,1,0,0,0,0,0,0,20250120,20250120
106250525363,1,1,1,1,1,0,0,20250221,20251229
100650445045,0,0,0,1,1,0,0,20250213,20250214
103650485051,1,0,0,1,0,0,0,20250217,20250220
106250215043,1,1,1,1,1,0,0,20250121,20250212
102450495050,0,1,1,0,0,0,0,20250218,20250219
