route_id,service_id,trip_id,trip_short_name,direction_id,shape_id,trip_headsign
36930,104150695356,118019,1,0,269,Los Angeles
36930,204143575064,118017,1,0,269,Los Angeles
36930,100150675067,118018,1,0,269,Los Angeles
36930,107450685356,118022,2,1,271,New Orleans
36930,207443575066,118021,2,1,271,New Orleans
88,106250495356,117085,177,1,355,Philadelphia
88,205443574366,117082,177,1,355,Philadelphia
88,106250025045,117083,177,1,355,Philadelphia
88,106450545356,117403,123,1,,Philadelphia
88,206443575040,117400,123,1,,Philadelphia
88,103250485048,117402,123,1,,Philadelphia
88,106250495356,117874,179,1,355,Philadelphia
88,205443574366,117871,179,1,355,Philadelphia
88,106250025045,117872,179,1,355,Philadelphia
88,112750885356,118251,151,1,340,Roanoke
88,212743575003,118247,151,1,340,Roanoke
88,112750045031,118248,151,1,340,Roanoke
88,106550325033,118249,151,1,267,Washington
88,112750345087,118250,151,1,340,Roanoke
88,106250905356,118295,111,1,267,Washington
88,205443574366,118290,111,1,267,Washington
88,100650025003,118291,111,1,267,Washington
88,106250065045,118292,111,1,267,Washington
88,106250495087,118294,111,1,267,Washington
88,106250905356,118329,183,1,267,Washington
88,205443574366,118324,183,1,267,Washington
88,100650025003,118325,183,1,267,Washington
88,106250065045,118326,183,1,267,Washington
88,106250495087,118328,183,1,267,Washington
88,106250905356,118337,141,1,348,Norfolk
88,205443575003,118333,141,1,348,Norfolk
88,106250065045,118334,141,1,348,Norfolk
88,106250495087,118336,141,1,348,Norfolk
88,106250905356,118371,95,1,342,Norfolk
88,205443575003,118367,95,1,342,Norfolk
88,106250065045,118368,95,1,342,Norfolk
88,106250495087,118370,95,1,342,Norfolk
88,106250905356,118386,119,1,267,Washington
88,205443575003,118382,119,1,267,Washington
88,106250065045,118383,119,1,267,Washington
88,106250495087,118385,119,1,267,Washington
88,106250905356,118394,125,1,346,Newport News
88,205443575003,118390,125,1,346,Newport News
88,106250065045,118391,125,1,346,Newport News
88,106250495087,118393,125,1,346,Newport News
88,106250905356,118420,133,1,267,Washington
88,106250905356,118427,171,1,344,Roanoke
88,106250905356,118443,93,1,342,Norfolk
88,205443575003,118416,133,1,267,Washington
88,106250065045,118417,133,1,267,Washington
88,106250495087,118419,133,1,267,Washington
88,205443575003,118423,171,1,344,Roanoke
88,106250065045,118424,171,1,344,Roanoke
88,106250495087,118426,171,1,344,Roanoke
88,205443575003,118439,93,1,342,Norfolk
88,106250065045,118440,93,1,342,Norfolk
88,106250495087,118442,93,1,342,Norfolk
88,106250905356,118469,85,1,353,Richmond
88,205443575003,118465,85,1,353,Richmond
88,106250065045,118466,85,1,353,Richmond
88,106250495087,118468,85,1,353,Richmond
88,106250905356,118479,129,1,267,Washington
88,106250905356,118488,173,1,260,Washington
88,106250905356,118496,193,1,267,Washington
88,105043625003,118474,129,1,267,Washington
88,106250065045,118476,129,1,267,Washington
88,106250495087,118478,129,1,267,Washington
88,205443575003,118484,173,1,260,Washington
88,106250065045,118485,173,1,260,Washington
88,106250495087,118487,173,1,260,Washington
88,205443575003,118492,193,1,267,Washington
88,106250065045,118493,193,1,267,Washington
88,106250495087,118495,193,1,267,Washington
88,106250905356,118523,175,1,260,Washington
88,205443575003,118519,175,1,260,Washington
88,106250065045,118520,175,1,260,Washington
88,106250495087,118522,175,1,260,Washington
88,100350875356,118565,65,1,84,Newport News
88,200343574363,118559,65,1,84,Newport News
88,201643574366,118560,65,1,84,Newport News
88,100350035025,118561,65,1,84,Newport News
88,100350315032,118562,65,1,260,Washington
88,100350385081,118563,65,1,84,Newport News
88,106450475047,118564,65,1,84,Newport News
88,106250905356,118676,190,0,356,Boston
88,205443575003,118672,190,0,356,Boston
88,106250065045,118673,190,0,356,Boston
88,106250495087,118675,190,0,356,Boston
88,106250905356,118708,170,0,264,Boston
88,112750885356,118723,66,0,343,Boston
88,205443575003,118704,170,0,264,Boston
88,106250065045,118705,170,0,264,Boston
88,106250495087,118707,170,0,264,Boston
88,212743575003,118719,66,0,343,Boston
88,112750045031,118720,66,0,343,Boston
88,106550325033,118721,66,0,264,Boston
88,112750345087,118722,66,0,343,Boston
88,106250905356,118731,130,0,237,New York
88,205443574366,118726,130,0,237,New York
88,100650025003,118727,130,0,237,New York
88,106250065045,118728,130,0,237,New York
88,106250495087,118730,130,0,237,New York
88,106250905356,118756,172,0,264,Boston
88,205443575003,118752,172,0,264,Boston
88,106250065045,118753,172,0,264,Boston
88,106250495087,118755,172,0,264,Boston
88,106250905356,118796,86,0,354,Boston
88,205443575003,118792,86,0,354,Boston
88,106250065045,118793,86,0,354,Boston
88,106250495087,118795,86,0,354,Boston
88,106250905356,118821,182,0,237,New York
88,205443574366,118816,182,0,237,New York
88,100650025003,118817,182,0,237,New York
88,106250065045,118818,182,0,237,New York
88,106250495087,118820,182,0,237,New York
88,106250905356,118853,134,0,339,New York
88,106250905356,118862,174,0,90,Boston
88,106250905356,118871,84,0,349,New York
88,205443575003,118849,134,0,339,New York
88,106250065045,118850,134,0,339,New York
88,106250495087,118852,134,0,339,New York
88,205443575003,118858,174,0,90,Boston
88,106250065045,118859,174,0,90,Boston
88,106250495087,118861,174,0,90,Boston
88,200443575002,118865,84,0,237,New York
88,105043625003,118866,84,0,349,New York
88,106250065045,118868,84,0,349,New York
88,106250495087,118870,84,0,349,New York
88,106250905356,118926,94,0,341,Boston
88,205443575003,118922,94,0,341,Boston
88,106250065045,118923,94,0,341,Boston
88,106250495087,118925,94,0,341,Boston
88,106250905356,118934,148,0,258,Springfield
88,106250905356,118943,176,0,264,Boston
88,205443575003,118930,148,0,258,Springfield
88,106250065045,118931,148,0,258,Springfield
88,106250495087,118933,148,0,258,Springfield
88,205443575003,118939,176,0,264,Boston
88,106250065045,118940,176,0,264,Boston
88,106250495087,118942,176,0,264,Boston
88,100150885356,118992,147,1,,Roanoke
88,200943575001,118989,147,1,,Roanoke
88,100150045081,118990,147,1,,Roanoke
88,106450475047,118991,147,1,,Roanoke
88,100150885356,119003,159,1,267,Washington
88,100150885356,119009,163,1,260,Washington
88,200943575001,119000,159,1,267,Washington
88,100150045081,119001,159,1,267,Washington
88,106450475047,119002,159,1,267,Washington
88,200943575001,119006,163,1,260,Washington
88,100150045081,119007,163,1,260,Washington
88,106450475047,119008,163,1,260,Washington
88,100150885356,119021,167,1,260,Washington
88,200943575001,119018,167,1,260,Washington
88,100150045081,119019,167,1,260,Washington
88,106450475047,119020,167,1,260,Washington
88,112450895356,119053,67,1,84,Newport News
88,210843575002,119049,67,1,84,Newport News
88,112450055044,119050,67,1,84,Newport News
88,112450485086,119052,67,1,84,Newport News
88,106250905356,119087,136,0,258,Springfield
88,106550885356,119092,153,1,158,Norfolk
88,205443575003,119083,136,0,258,Springfield
88,106250065045,119084,136,0,258,Springfield
88,106250495087,119086,136,0,258,Springfield
88,207343575001,119089,153,1,158,Norfolk
88,106550045082,119090,153,1,158,Norfolk
88,103250485048,119091,153,1,158,Norfolk
88,106250905356,119124,138,0,349,New York
88,106250905356,119132,196,0,237,New York
88,205443575003,119120,138,0,349,New York
88,106250065045,119121,138,0,349,New York
88,106250495087,119123,138,0,349,New York
88,205443574366,119127,196,0,237,New York
88,100650025003,119128,196,0,237,New York
88,106250065045,119129,196,0,237,New York
88,106250495087,119131,196,0,237,New York
88,106250905356,119165,186,0,381,New York
88,205443575003,119161,186,0,381,New York
88,106250065045,119162,186,0,381,New York
88,106250495087,119164,186,0,381,New York
88,106550885356,119195,143,1,259,Washington
88,106550885356,119200,155,1,267,Washington
88,207343575001,119192,143,1,259,Washington
88,106550045082,119193,143,1,259,Washington
88,103250485048,119194,143,1,259,Washington
88,207343575001,119197,155,1,267,Washington
88,106550045082,119198,155,1,267,Washington
88,103250485048,119199,155,1,267,Washington
88,106550885356,119206,195,1,353,Richmond
88,207343575001,119203,195,1,353,Richmond
88,106550045082,119204,195,1,353,Richmond
88,103250485048,119205,195,1,353,Richmond
88,106450895356,119220,121,1,267,Washington
88,106550885356,119243,161,1,260,Washington
88,106550885356,119249,162,0,264,Boston
88,106550885356,119255,164,0,354,Boston
88,106550885356,119262,165,1,260,Washington
88,106550885356,119318,87,1,342,Norfolk
88,206443574364,119215,121,1,267,Washington
88,106450055040,119216,121,1,267,Washington
88,103250485048,119218,121,1,267,Washington
88,106450545082,119219,121,1,267,Washington
88,207343575001,119240,161,1,260,Washington
88,106550045082,119241,161,1,260,Washington
88,103250485048,119242,161,1,260,Washington
88,206543574364,119245,162,0,264,Boston
88,200843575001,119246,162,0,264,Boston
88,106550045082,119247,162,0,264,Boston
88,103250485048,119248,162,0,264,Boston
88,206543574364,119251,164,0,354,Boston
88,200843575001,119252,164,0,354,Boston
88,106550045082,119253,164,0,354,Boston
88,103250485048,119254,164,0,354,Boston
88,207343575001,119259,165,1,260,Washington
88,106550045082,119260,165,1,260,Washington
88,103250485048,119261,165,1,260,Washington
88,207343575001,119315,87,1,342,Norfolk
88,106550045082,119316,87,1,342,Norfolk
88,103250485048,119317,87,1,342,Norfolk
88,106450895356,119338,157,1,348,Norfolk
88,206443574364,119333,157,1,348,Norfolk
88,106450055040,119334,157,1,348,Norfolk
88,103250485048,119336,157,1,348,Norfolk
88,106450545082,119337,157,1,348,Norfolk
88,106450895356,119361,145,1,340,Roanoke
88,206443574364,119356,145,1,340,Roanoke
88,106450055040,119357,145,1,340,Roanoke
88,103250485048,119359,145,1,340,Roanoke
88,106450545082,119360,145,1,340,Roanoke
88,106550885356,119524,88,0,341,Boston
88,206543574364,119520,88,0,341,Boston
88,200843575001,119521,88,0,341,Boston
88,106550045082,119522,88,0,341,Boston
88,103250485048,119523,88,0,341,Boston
88,106550885356,119576,128,0,237,New York
88,100150885356,119581,144,0,,New York
88,206543574364,119569,128,0,237,New York
88,200843575001,119571,128,0,,Philadelphia
88,106550045040,119572,128,0,237,New York
88,100150465046,119573,128,0,,Philadelphia
88,106550475082,119574,128,0,237,New York
88,103250485048,119575,128,0,237,New York
88,200143574363,119577,144,0,,New York
88,200843575001,119578,144,0,,New York
88,100150045081,119579,144,0,,New York
88,106450475047,119580,144,0,,New York
88,100150885356,119587,152,0,264,Boston
88,100150885356,119593,194,0,90,Boston
88,100150885356,119606,82,0,341,Boston
88,200143574363,119583,152,0,264,Boston
88,200843575001,119584,152,0,264,Boston
88,100150045081,119585,152,0,264,Boston
88,106450475047,119586,152,0,264,Boston
88,200143574363,119589,194,0,90,Boston
88,200843575001,119590,194,0,90,Boston
88,100150045081,119591,194,0,90,Boston
88,106450475047,119592,194,0,90,Boston
88,200843575001,119602,82,0,341,Boston
88,100143634363,119603,82,0,341,Boston
88,100150045081,119604,82,0,341,Boston
88,106450475047,119605,82,0,264,Boston
88,100150885356,119622,168,0,264,Boston
88,100150885356,119627,142,0,237,New York
88,200143574363,119618,168,0,264,Boston
88,200843575001,119619,168,0,264,Boston
88,100150045081,119620,168,0,264,Boston
88,106450475047,119621,168,0,264,Boston
88,200143574363,119623,142,0,237,New York
88,200843575001,119624,142,0,237,New York
88,100150045081,119625,142,0,237,New York
88,106450475047,119626,142,0,237,New York
88,106450895356,119648,166,0,264,Boston
88,106450895356,119655,189,1,267,Washington
88,206443574364,119643,166,0,264,Boston
88,106450055040,119644,166,0,264,Boston
88,103250485048,119646,166,0,264,Boston
88,106450545082,119647,166,0,264,Boston
88,206443574364,119650,189,1,267,Washington
88,106450055040,119651,189,1,267,Washington
88,103250485048,119653,189,1,267,Washington
88,106450545082,119654,189,1,267,Washington
88,106450895356,119664,149,1,260,Washington
88,106443644364,119659,149,1,260,Washington
88,106450055040,119660,149,1,260,Washington
88,103250485048,119662,149,1,260,Washington
88,106450545082,119663,149,1,260,Washington
88,106450895356,119670,122,0,237,New York
88,206443574364,119665,122,0,237,New York
88,106450055040,119666,122,0,237,New York
88,103250485048,119668,122,0,237,New York
88,106450545082,119669,122,0,237,New York
88,106450895356,119708,132,0,264,Boston
88,106443644364,119703,132,0,264,Boston
88,106450055040,119704,132,0,264,Boston
88,103250485048,119706,132,0,264,Boston
88,106450545082,119707,132,0,264,Boston
88,106250905356,119813,137,1,260,Washington
88,106250905356,119830,197,1,267,Washington
88,205443575003,119808,137,1,260,Washington
88,106250065045,119810,137,1,260,Washington
88,106250495087,119812,137,1,260,Washington
88,205443574366,119825,197,1,267,Washington
88,100650025003,119826,197,1,267,Washington
88,106250065045,119827,197,1,267,Washington
88,106250495087,119829,197,1,267,Washington
88,100150885356,119837,101,1,267,Washington
88,106550885356,119844,103,1,267,Washington
88,200843575001,119833,101,1,267,Washington
88,100143634363,119834,101,1,267,Washington
88,100150045081,119835,101,1,267,Washington
88,106450475047,119836,101,1,267,Washington
88,200843575001,119840,103,1,267,Washington
88,106543634364,119841,103,1,267,Washington
88,106550045082,119842,103,1,267,Washington
88,103250485048,119843,103,1,267,Washington
88,106550885356,119860,135,1,260,Washington
88,106550885356,119867,99,1,84,Newport News
88,207343575001,119857,135,1,260,Washington
88,106550045082,119858,135,1,260,Washington
88,103250485048,119859,135,1,260,Washington
88,207343575001,119864,99,1,84,Newport News
88,106550045082,119865,99,1,84,Newport News
88,103250485048,119866,99,1,84,Newport News
88,106250905356,119923,184,0,264,Boston
88,205443575003,119918,184,0,264,Boston
88,106250065045,119920,184,0,264,Boston
88,106250495087,119922,184,0,264,Boston
88,106250905356,119951,178,0,264,Boston
88,106250905356,119964,198,0,237,New York
88,205443575003,119946,178,0,264,Boston
88,106250065045,119948,178,0,264,Boston
88,106250495087,119950,178,0,264,Boston
88,105043624366,119958,198,0,237,New York
88,100250035003,119960,198,0,237,New York
88,106250065045,119961,198,0,237,New York
88,106250495087,119963,198,0,237,New York
88,106550885356,119969,140,0,258,Springfield
88,106550885356,119974,160,0,264,Boston
88,106543635356,119977,118,0,237,New York
88,207343575001,119966,140,0,258,Springfield
88,106550045082,119967,140,0,258,Springfield
88,103250485048,119968,140,0,258,Springfield
88,207343575001,119971,160,0,264,Boston
88,106550045082,119972,160,0,264,Boston
88,103250485048,119973,160,0,264,Boston
88,200843575001,119976,118,0,237,New York
88,103250485048,119978,118,0,237,New York
88,106550885356,120015,124,0,381,New York
88,106550885356,120020,146,0,258,Springfield
88,106550885356,120025,156,0,339,New York
88,106550885356,120030,158,0,349,New York
88,207343575001,120010,124,0,381,New York
88,106550045026,120011,124,0,381,New York
88,106550325033,120012,124,0,237,New York
88,106550395082,120013,124,0,381,New York
88,103250485048,120014,124,0,381,New York
88,207343575001,120017,146,0,258,Springfield
88,106550045082,120018,146,0,258,Springfield
88,103250485048,120019,146,0,258,Springfield
88,207343575001,120022,156,0,339,New York
88,106550045082,120023,156,0,339,New York
88,103250485048,120024,156,0,339,New York
88,207343575001,120027,158,0,349,New York
88,106550045082,120028,158,0,349,New York
88,103250485048,120029,158,0,349,New York
88,106450895356,120037,96,0,90,Boston
88,206443574364,120032,96,0,90,Boston
88,106450055040,120033,96,0,90,Boston
88,103250485048,120035,96,0,90,Boston
88,106450545082,120036,96,0,90,Boston
88,106450895356,120050,154,0,264,Boston
88,206443574364,120045,154,0,264,Boston
88,106450055040,120046,154,0,264,Boston
88,103250485048,120048,154,0,264,Boston
88,106450545082,120049,154,0,264,Boston
88,106450545356,120084,108,0,237,New York
88,206443574364,120080,108,0,237,New York
88,106450055040,120081,108,0,237,New York
88,103250485048,120083,108,0,237,New York
88,306543575356,120527,169,1,355,Philadelphia
88,200843575001,120528,169,1,355,Philadelphia
88,103250485048,120529,169,1,355,Philadelphia
88,106550885356,120535,150,0,356,Boston
88,207343575001,120532,150,0,356,Boston
88,106550045082,120533,150,0,356,Boston
88,103250485048,120534,150,0,356,Boston
88,106450895356,120553,120,0,237,New York
88,106450895356,120573,105,1,267,Washington
88,106443644364,120548,120,0,237,New York
88,106450055040,120549,120,0,237,New York
88,103250485048,120551,120,0,237,New York
88,106450545082,120552,120,0,237,New York
88,106443644364,120568,105,1,267,Washington
88,106450055040,120569,105,1,267,Washington
88,103250485048,120571,105,1,267,Washington
88,106450545082,120572,105,1,267,Washington
88,106450895356,120627,107,1,267,Washington
88,106450895356,120635,106,0,237,New York
88,106443644364,120622,107,1,267,Washington
88,106450055040,120623,107,1,267,Washington
88,103250485048,120625,107,1,267,Washington
88,106450545082,120626,107,1,267,Washington
88,106443644364,120630,106,0,237,New York
88,106450055040,120631,106,0,237,New York
88,103250485048,120633,106,0,237,New York
88,106450545082,120634,106,0,237,New York
88,106250905356,120659,131,1,267,Washington
88,106250905356,120669,112,0,237,New York
88,205443574366,120654,131,1,267,Washington
88,100650025003,120655,131,1,267,Washington
88,106250065045,120656,131,1,267,Washington
88,106250495087,120658,131,1,267,Washington
88,205443574366,120664,112,0,237,New York
88,100650025003,120665,112,0,237,New York
88,106250065045,120666,112,0,237,New York
88,106250495087,120668,112,0,237,New York
88,106250905356,120679,181,1,267,Washington
88,106250905356,120691,114,0,237,New York
88,105043624366,120674,181,1,267,Washington
88,100250035003,120675,181,1,267,Washington
88,106250065045,120676,181,1,267,Washington
88,106250495087,120678,181,1,267,Washington
88,105043624366,120685,114,0,237,New York
88,100250035003,120687,114,0,237,New York
88,106250065045,120688,114,0,237,New York
88,106250495087,120690,114,0,237,New York
88,106250905356,120731,110,0,,New York
88,205443575003,120726,110,0,,New York
88,106250065045,120728,110,0,,New York
88,106250495087,120730,110,0,,New York
88,106250905356,120739,185,1,267,Washington
88,205443575003,120734,185,1,267,Washington
88,106250065045,120736,185,1,267,Washington
88,106250495087,120738,185,1,267,Washington
88,106450895356,120778,139,1,260,Washington
88,106443644364,120773,139,1,260,Washington
88,106450055040,120774,139,1,260,Washington
88,103250485048,120776,139,1,260,Washington
88,106450545082,120777,139,1,260,Washington
36921,312743575356,85255,233,0,248,Rensselaer
36921,312743575356,85288,244,1,245,New York
36921,312743575356,85371,281,0,279,Niagara Falls
36921,312743575356,98047,284,1,280,New York
36921,312743575356,101104,239,0,248,Rensselaer
36921,312743575356,101441,234,1,245,New York
36921,312743575356,101444,240,1,245,New York
36921,312743575356,103088,241,0,248,Rensselaer
36921,312743575356,103118,237,0,248,Rensselaer
36921,312743575356,103620,232,1,245,New York
36921,312743575356,103622,236,1,245,New York
36921,212743575061,114771,235,0,248,Rensselaer
36921,212743575061,114773,238,1,245,New York
36921,106250495356,117858,243,0,248,Rensselaer
36921,306543575356,117860,245,0,248,Rensselaer
36921,205443574366,117855,243,0,248,Rensselaer
36921,106250025045,117856,243,0,248,Rensselaer
36921,200843575001,117861,245,0,248,Rensselaer
36921,103250485048,117862,245,0,248,Rensselaer
36921,312743575356,118196,280,1,280,New York
36921,112743625356,120979,283,0,279,Niagara Falls
78,112750135356,118580,562,1,101,San Diego
78,112750135356,118583,564,1,101,San Diego
78,112750135356,118586,572,1,101,San Diego
78,112750135356,118592,580,1,101,San Diego
78,112750135356,118595,581,0,102,Los Angeles
78,112750135356,118598,586,1,101,San Diego
78,112750135356,118601,587,0,102,Los Angeles
78,112750135356,118604,591,0,102,Los Angeles
78,112750135356,118609,595,0,102,Los Angeles
78,112750135356,118615,761,0,148,San Luis Obispo
78,112750135356,118622,765,0,149,Goleta
78,112750135356,118628,770,1,151,San Diego
78,112750135356,118631,774,1,146,San Diego
78,112750135356,118634,777,0,148,San Luis Obispo
78,112750135356,118639,784,1,151,San Diego
78,112750135356,118642,785,0,149,Goleta
78,212743575010,118578,562,1,101,San Diego
78,212743575010,118581,564,1,101,San Diego
78,212743575010,118584,572,1,101,San Diego
78,212743575010,118590,580,1,101,San Diego
78,212743575010,118593,581,0,102,Los Angeles
78,212743575010,118596,586,1,101,San Diego
78,212743575010,118599,587,0,102,Los Angeles
78,212743575010,118602,591,0,102,Los Angeles
78,212743575010,118607,595,0,102,Los Angeles
78,212743575010,118613,761,0,148,San Luis Obispo
78,212743575010,118620,765,0,149,Goleta
78,212743575010,118626,770,1,151,San Diego
78,212743575010,118629,774,1,146,San Diego
78,212743575010,118632,777,0,148,San Luis Obispo
78,212743575010,118637,784,1,151,San Diego
78,212743575010,118640,785,0,149,Goleta
78,112750135356,120103,573,0,102,Los Angeles
78,212743575010,120101,573,0,102,Los Angeles
78,112750135356,120519,769,0,149,Goleta
78,212743575010,120517,769,0,149,Goleta
78,112750135356,120525,790,1,151,San Diego
78,212743575010,120523,790,1,151,San Diego
78,112750135356,120891,794,1,146,San Diego
78,212743575009,120888,794,1,146,San Diego
78,100250105010,120889,794,1,147,Los Angeles
40751,106450545356,117807,2290,0,325,Boston
40751,106450545356,117813,2292,0,325,Boston
40751,206443575040,117804,2290,0,325,Boston
40751,103250485048,117806,2290,0,325,Boston
40751,206443575040,117810,2292,0,325,Boston
40751,103250485048,117812,2292,0,325,Boston
40751,106250495356,117890,2190,0,325,Boston
40751,205443574366,117887,2190,0,325,Boston
40751,106250025045,117888,2190,0,325,Boston
40751,106250905356,118303,2103,1,326,Washington
40751,205443575003,118299,2103,1,326,Washington
40751,106250065045,118300,2103,1,326,Washington
40751,106250495087,118302,2103,1,326,Washington
40751,106250905356,118320,2107,1,326,Washington
40751,205443575003,118316,2107,1,326,Washington
40751,106250065045,118317,2107,1,326,Washington
40751,106250495087,118319,2107,1,326,Washington
40751,106250905356,118354,2151,1,324,Washington
40751,205443575003,118350,2151,1,324,Washington
40751,106250065045,118351,2151,1,324,Washington
40751,106250495087,118353,2151,1,324,Washington
40751,106250905356,118434,2159,1,324,Washington
40751,205443575003,118430,2159,1,324,Washington
40751,106250065045,118431,2159,1,324,Washington
40751,106250495087,118433,2159,1,324,Washington
40751,106250905356,118451,2121,1,326,Washington
40751,106250905356,118460,2163,1,324,Washington
40751,205443575003,118447,2121,1,326,Washington
40751,106250065045,118448,2121,1,326,Washington
40751,106250495087,118450,2121,1,326,Washington
40751,205443575003,118456,2163,1,324,Washington
40751,106250065045,118457,2163,1,324,Washington
40751,106250495087,118459,2163,1,324,Washington
40751,106250905356,118505,2167,1,324,Washington
40751,205443575003,118501,2167,1,324,Washington
40751,106250065045,118502,2167,1,324,Washington
40751,106250495087,118504,2167,1,324,Washington
40751,106250905356,118685,2150,0,327,Boston
40751,205443575003,118681,2150,0,327,Boston
40751,106250065045,118682,2150,0,327,Boston
40751,106250495087,118684,2150,0,327,Boston
40751,106250905356,118846,2108,0,328,New York
40751,205443574366,118841,2108,0,328,New York
40751,100650025003,118842,2108,0,328,New York
40751,106250065045,118843,2108,0,328,New York
40751,106250495087,118845,2108,0,328,New York
40751,106250905356,118889,2166,0,327,Boston
40751,205443575003,118885,2166,0,327,Boston
40751,106250065045,118886,2166,0,327,Boston
40751,106250495087,118888,2166,0,327,Boston
40751,106250905356,118905,2168,0,327,Boston
40751,205443575003,118901,2168,0,327,Boston
40751,106250065045,118902,2168,0,327,Boston
40751,106250495087,118904,2168,0,327,Boston
40751,106250905356,118917,2170,0,327,Boston
40751,205443575003,118913,2170,0,327,Boston
40751,106250065045,118914,2170,0,327,Boston
40751,106250495087,118916,2170,0,327,Boston
40751,100150885356,119033,2203,1,326,Washington
40751,100150885356,119040,2249,1,324,Washington
40751,100150885356,119046,2251,1,324,Washington
40751,200143574363,119029,2203,1,326,Washington
40751,100850015001,119030,2203,1,326,Washington
40751,100150045081,119031,2203,1,326,Washington
40751,106450475047,119032,2203,1,326,Washington
40751,200143574363,119035,2249,1,324,Washington
40751,100850015001,119036,2249,1,324,Washington
40751,100150045081,119037,2249,1,324,Washington
40751,106450475047,119038,2249,1,324,Washington
40751,200943575001,119043,2251,1,324,Washington
40751,100150045081,119044,2251,1,324,Washington
40751,106450475047,119045,2251,1,324,Washington
40751,100250945356,119173,2174,0,327,Boston
40751,100250945356,119176,2130,0,328,New York
40751,200243575003,119171,2174,0,327,Boston
40751,100250105087,119172,2174,0,327,Boston
40751,200243575003,119174,2130,0,328,New York
40751,100250105087,119175,2130,0,328,New York
40751,106550885356,119268,2248,0,327,Boston
40751,106550885356,119274,2250,0,327,Boston
40751,106550885356,119288,2255,1,324,Washington
40751,206543574364,119264,2248,0,327,Boston
40751,100850015001,119265,2248,0,327,Boston
40751,106550045082,119266,2248,0,327,Boston
40751,103250485048,119267,2248,0,327,Boston
40751,206543574364,119270,2250,0,327,Boston
40751,200843575001,119271,2250,0,327,Boston
40751,106550045082,119272,2250,0,327,Boston
40751,103250485048,119273,2250,0,327,Boston
40751,107343635001,119285,2255,1,324,Washington
40751,106550045082,119286,2255,1,324,Washington
40751,103250485048,119287,2255,1,324,Washington
40751,106450895356,119326,2271,1,324,Washington
40751,206443574364,119321,2271,1,324,Washington
40751,106450055040,119322,2271,1,324,Washington
40751,103250485048,119324,2271,1,324,Washington
40751,106450545082,119325,2271,1,324,Washington
40751,106450895356,119346,2263,1,324,Washington
40751,206443574364,119341,2263,1,324,Washington
40751,106450055040,119342,2263,1,324,Washington
40751,103250485048,119344,2263,1,324,Washington
40751,106450545082,119345,2263,1,324,Washington
40751,106450895356,119369,2265,1,324,Washington
40751,206443574364,119364,2265,1,324,Washington
40751,106450055040,119365,2265,1,324,Washington
40751,103250485048,119367,2265,1,324,Washington
40751,106450545082,119368,2265,1,324,Washington
40751,106450895356,119393,2257,1,324,Washington
40751,206443574364,119388,2257,1,324,Washington
40751,106450055040,119389,2257,1,324,Washington
40751,103250485048,119391,2257,1,324,Washington
40751,106450545082,119392,2257,1,324,Washington
40751,106550885356,119493,2252,0,327,Boston
40751,206543574364,119489,2252,0,327,Boston
40751,100850015001,119490,2252,0,327,Boston
40751,106550045082,119491,2252,0,327,Boston
40751,103250485048,119492,2252,0,327,Boston
40751,106550885356,119539,2254,0,327,Boston
40751,206543574364,119535,2254,0,327,Boston
40751,200843575001,119536,2254,0,327,Boston
40751,106550045082,119537,2254,0,327,Boston
40751,103250485048,119538,2254,0,327,Boston
40751,100150885356,119611,2216,0,328,New York
40751,100150885356,119616,2218,0,328,New York
40751,200143574363,119607,2216,0,328,New York
40751,100850015001,119608,2216,0,328,New York
40751,100150045081,119609,2216,0,328,New York
40751,106450475047,119610,2216,0,328,New York
40751,200143574363,119612,2218,0,328,New York
40751,100850015001,119613,2218,0,328,New York
40751,100150045081,119614,2218,0,328,New York
40751,106450475047,119615,2218,0,328,New York
40751,106450895356,119676,2224,0,328,New York
40751,206443574364,119671,2224,0,328,New York
40751,106450055040,119672,2224,0,328,New York
40751,103250485048,119674,2224,0,328,New York
40751,106450545082,119675,2224,0,328,New York
40751,106450895356,119683,2258,0,327,Boston
40751,206443574364,119678,2258,0,327,Boston
40751,106450055040,119679,2258,0,327,Boston
40751,103250485048,119681,2258,0,327,Boston
40751,106450545082,119682,2258,0,327,Boston
40751,106450895356,119699,2262,0,327,Boston
40751,106443644364,119694,2262,0,327,Boston
40751,106450055040,119695,2262,0,327,Boston
40751,103250485048,119697,2262,0,327,Boston
40751,106450545082,119698,2262,0,327,Boston
40751,106450895356,120072,2222,0,328,New York
40751,206443574364,120067,2222,0,328,New York
40751,106450055040,120068,2222,0,328,New York
40751,103250485048,120070,2222,0,328,New York
40751,106450545082,120071,2222,0,328,New York
40751,106250905356,120454,2104,0,328,New York
40751,106250905356,120463,2117,1,326,Washington
40751,106250345045,120451,2104,0,328,New York
40751,106250495087,120453,2104,0,328,New York
40751,106250345045,120460,2117,1,326,Washington
40751,106250495087,120462,2117,1,326,Washington
40751,106550885356,120579,2205,1,326,Washington
40751,107343635001,120576,2205,1,326,Washington
40751,106550045082,120577,2205,1,326,Washington
40751,103250485048,120578,2205,1,326,Washington
40751,106450895356,120596,2247,1,324,Washington
40751,106443644364,120591,2247,1,324,Washington
40751,106450055040,120592,2247,1,324,Washington
40751,103250485048,120594,2247,1,324,Washington
40751,106450545082,120595,2247,1,324,Washington
40751,106450895356,120604,2226,0,328,New York
40751,106550885356,120610,2253,1,324,Washington
40751,106443644364,120599,2226,0,328,New York
40751,106450055040,120600,2226,0,328,New York
40751,103250485048,120602,2226,0,328,New York
40751,106450545082,120603,2226,0,328,New York
40751,207343575001,120607,2253,1,324,Washington
40751,106550045082,120608,2253,1,324,Washington
40751,103250485048,120609,2253,1,324,Washington
40751,106450895356,120617,2259,1,324,Washington
40751,106443644364,120612,2259,1,324,Washington
40751,106450055040,120613,2259,1,324,Washington
40751,103250485048,120615,2259,1,324,Washington
40751,106450545082,120616,2259,1,324,Washington
40751,106450895356,120649,2275,1,324,Washington
40751,106443644364,120644,2275,1,324,Washington
40751,106450055040,120645,2275,1,324,Washington
40751,103250485048,120647,2275,1,324,Washington
40751,106450545082,120648,2275,1,324,Washington
40751,106250495356,120699,2152,0,327,Boston
40751,205443574366,120696,2152,0,327,Boston
40751,106250025045,120697,2152,0,327,Boston
40751,106250905356,120715,2169,1,324,Washington
40751,205443575003,120710,2169,1,324,Washington
40751,106250065045,120712,2169,1,324,Washington
40751,106250495087,120714,2169,1,324,Washington
40751,106250905356,120747,2155,1,324,Washington
40751,106250905356,120755,2172,0,327,Boston
40751,106250495356,120763,2193,1,,New York
40751,106250905356,120771,2162,0,327,Boston
40751,205443575003,120742,2155,1,324,Washington
40751,106250065045,120744,2155,1,324,Washington
40751,106250495087,120746,2155,1,324,Washington
40751,205443575003,120750,2172,0,327,Boston
40751,106250065045,120752,2172,0,327,Boston
40751,106250495087,120754,2172,0,327,Boston
40751,205443574366,120760,2193,1,,New York
40751,106250025045,120761,2193,1,,New York
40751,205443575003,120766,2162,0,327,Boston
40751,106250065045,120768,2162,0,327,Boston
40751,106250495087,120770,2162,0,327,Boston
40751,106250905356,120821,2122,0,328,New York
40751,205443574366,120816,2122,0,328,New York
40751,100650025003,120817,2122,0,328,New York
40751,106250065045,120818,2122,0,328,New York
40751,106250495087,120820,2122,0,328,New York
40751,106250905356,120871,2154,0,327,Boston
40751,106250905356,120879,2173,1,324,Washington
40751,205443575003,120867,2154,0,327,Boston
40751,106250065045,120868,2154,0,327,Boston
40751,106250495087,120870,2154,0,327,Boston
40751,205443575003,120875,2173,1,324,Washington
40751,106250065045,120876,2173,1,324,Washington
40751,106250495087,120878,2173,1,324,Washington
40751,106250905356,120899,2153,1,324,Washington
40751,205443575003,120895,2153,1,324,Washington
40751,106250065045,120896,2153,1,324,Washington
40751,106250495087,120898,2153,1,324,Washington
40751,106050905356,120908,2124,0,328,New York
40751,205243574366,120903,2124,0,328,New York
40751,100450025002,120904,2124,0,328,New York
40751,106050065044,120905,2124,0,328,New York
40751,106050495086,120907,2124,0,328,New York
42954,312743575356,86550,3625,0,,Sacramento
42954,312743575356,86594,3710,1,,Stockton
42954,312743575356,86601,3802,1,,Sacramento
42954,312743575356,86602,3810,1,,Stockton
42954,312743575356,86603,3811,0,,Davis
42954,312743575356,86604,3812,1,,Stockton
42954,312743575356,86605,3813,0,,Davis
42954,312743575356,86606,3814,1,,Stockton
42954,312743575356,86608,3816,1,,Stockton
42954,312743575356,86609,3817,0,,Davis
42954,312743575356,86611,3865,0,,Stockton
42954,306243575356,86613,3911,0,,San Jose
42954,306543575356,86614,3911,0,,San Jose
42954,312743575356,86615,3915,0,,San Jose
42954,312743575356,86616,3916,1,,Stockton
42954,307443575356,86619,4050,1,,Richmond
42954,307443575356,86620,4051,0,,Charlottesville
42954,112750705356,86635,5005,0,,San Francisco
42954,112750025356,86650,5415,0,,Bakersfield
42954,312743575356,86671,5604,0,,Bellingham
42954,312743575356,86672,5605,1,,Seattle
42954,312743575356,86681,5622,0,,Bellingham
42954,312743575356,86682,5677,1,,Seattle
42954,312743575356,86683,5702,1,,Los Angeles
42954,312743575356,86689,5712,1,,Los Angeles
42954,312743575356,86690,5713,0,,Bakersfield
42954,312743575356,86691,5714,1,,Los Angeles
42954,312743575356,86692,5715,0,,Bakersfield
42954,312743575356,86693,5716,1,,Los Angeles
42954,312743575356,86694,5717,0,,Bakersfield
42954,312743575356,86699,5802,1,,Los Angeles
42954,312743575356,86702,5812,1,,Los Angeles
42954,312743575356,86703,5813,0,,Bakersfield
42954,312743575356,86704,5815,0,,Bakersfield
42954,312743575356,86705,5817,0,,Bakersfield
42954,312743575356,86707,5874,1,,Los Angeles
42954,312743575356,86708,5885,0,,Fresno
42954,312743575356,86710,5914,1,,Santa Monica
42954,312743575356,86711,5915,0,,Bakersfield
42954,112750695356,86720,6021,1,,Houston
42954,312743575356,86721,6022,0,,Longview
42954,312743575356,86722,6048,1,,Toledo
42954,112750695356,86725,6049,0,,East Lansing
42954,112750695356,86767,6121,1,,Shreveport
42954,312743575356,86768,6122,0,,Longview
42954,112750695356,86911,6421,0,,Longview
42954,312743575356,86912,6422,1,,Shreveport
42954,312743575356,86925,6611,0,,San Francisco
42954,312743575356,86929,6613,0,,San Francisco
42954,312743575356,86930,6614,1,,Emeryville
42954,312743575356,86931,6615,0,,San Francisco
42954,312743575356,86932,6616,1,,Emeryville
42954,312743575356,86933,6617,0,,San Francisco
42954,312743575356,86934,6619,0,,San Francisco
42954,306543575356,88293,6255,1,,Providence
42954,306243575356,88294,6255,1,,Providence
42954,306543575356,88295,6256,0,,Worcester
42954,306243575356,88296,6256,0,,Worcester
42954,306543575356,88297,6257,1,,Providence
42954,306243575356,88298,6257,1,,Providence
42954,306443575356,88299,6258,0,,Worcester
42954,306243575356,88300,6258,0,,Worcester
42954,300143575356,88301,6258,0,,Worcester
42954,306243575356,88302,6259,1,,Providence
42954,300143575356,88303,6259,1,,Providence
42954,306443575356,88304,6259,1,,Providence
42954,306243575356,88305,6260,0,,Worcester
42954,306543575356,88306,6260,0,,Worcester
42954,312743575356,88367,3768,1,,Stockton
42954,212743575067,86633,5005,0,,San Francisco
42954,109650685069,86634,5005,0,,San Francisco
42954,212743574366,86648,5415,0,,Bakersfield
42954,100850015001,86649,5415,0,,Bakersfield
42954,212743575067,86718,6021,1,,Houston
42954,106450685068,86719,6021,1,,Houston
42954,212743575067,86723,6049,0,,East Lansing
42954,106450685068,86724,6049,0,,East Lansing
42954,212743575067,86765,6121,1,,Shreveport
42954,106450685068,86766,6121,1,,Shreveport
42954,212743575067,86909,6421,0,,Longview
42954,106450685068,86910,6421,0,,Longview
42954,312743575356,89146,3716,1,,Stockton
42954,312743575356,89148,3718,1,,Stockton
42954,312743575356,89610,3712,1,,Stockton
42954,312743575356,93597,6331,0,,Green Bay
42954,312743575356,94961,5703,0,,Bakersfield
42954,312743575356,94968,5719,0,,Bakersfield
42954,312743575356,94975,5919,0,,Bakersfield
42954,312743575356,98054,5818,1,,San Diego
42954,106250025356,99548,3534,1,,Sparks
42954,106250025356,99554,3536,1,,Auburn
42954,106250025356,99560,3541,0,,Sacramento
42954,106250025356,99572,3623,0,,Sacramento
42954,106250025356,99578,3642,1,,Auburn
42954,106250025356,99584,3646,1,,Auburn
42954,306543575356,99594,5006,1,,Emeryville
42954,106250025356,99630,6612,1,,Emeryville
42954,106250025356,99636,6621,0,,San Francisco
42954,106250025356,99642,6623,0,,San Francisco
42954,106250025356,99648,6624,1,,Emeryville
42954,106250025356,99654,6625,0,,San Francisco
42954,106250025356,99660,6627,0,,San Francisco
42954,106250025356,99666,6628,1,,Emeryville
42954,106250025356,99672,6629,0,,San Francisco
42954,106250025356,99678,6631,0,,San Francisco
42954,106250025356,99684,6632,1,,Emeryville
42954,106250025356,99690,6634,1,,Emeryville
42954,106250025356,99696,6636,1,,Emeryville
42954,306543575356,99697,6637,0,,San Francisco
42954,106250025356,99705,6638,1,,Emeryville
42954,106250025356,99711,6640,1,,Emeryville
42954,106250025356,99717,6641,0,,San Francisco
42954,106250025356,99723,6642,1,,Emeryville
42954,106250025356,99729,6643,0,,San Francisco
42954,106250025356,99735,6644,1,,Emeryville
42954,106250025356,99741,6645,0,,San Francisco
42954,106250025356,99747,6646,1,,Emeryville
42954,106250025356,99753,6647,0,,San Francisco
42954,106250025356,99759,6648,1,,Emeryville
42954,106250025356,99765,6649,0,,San Francisco
42954,106250025356,99771,6651,0,,San Francisco
42954,306543575356,99772,6653,0,,San Francisco
42954,306543575356,99775,6668,1,,Emeryville
42954,306543575356,99778,6670,1,,Emeryville
42954,306543575356,99781,6673,0,,San Francisco
42954,306543575356,99784,6674,1,,Emeryville
42954,306543575356,99787,6677,0,,San Francisco
42954,306543575356,99790,6678,1,,Emeryville
42954,306543575356,99793,6679,0,,San Francisco
42954,306543575356,99796,6682,1,,Emeryville
42954,306543575356,99799,6683,0,,San Francisco
42954,306543575356,99802,6684,1,,Emeryville
42954,306543575356,99805,6686,1,,Emeryville
42954,306543575356,99808,6691,0,,San Francisco
42954,306543575356,99811,6692,1,,Emeryville
42954,306543575356,99814,6693,0,,San Francisco
42954,306543575356,99817,6694,1,,Emeryville
42954,306543575356,99820,6695,0,,San Francisco
42954,306543575356,99823,6696,1,,Emeryville
42954,306543575356,99826,6697,0,,San Francisco
42954,306543575356,99829,6698,1,,Emeryville
42954,306543575356,99832,6699,0,,San Francisco
42954,205443574366,99547,3534,1,,Sparks
42954,205443574366,99553,3536,1,,Auburn
42954,205443574366,99559,3541,0,,Sacramento
42954,205443574366,99571,3623,0,,Sacramento
42954,205443574366,99577,3642,1,,Auburn
42954,205443574366,99583,3646,1,,Auburn
42954,200843575001,99596,5006,1,,Emeryville
42954,205443574366,99629,6612,1,,Emeryville
42954,205443574366,99635,6621,0,,San Francisco
42954,205443574366,99641,6623,0,,San Francisco
42954,205443574366,99647,6624,1,,Emeryville
42954,205443574366,99653,6625,0,,San Francisco
42954,205443574366,99659,6627,0,,San Francisco
42954,205443574366,99665,6628,1,,Emeryville
42954,205443574366,99671,6629,0,,San Francisco
42954,205443574366,99677,6631,0,,San Francisco
42954,205443574366,99683,6632,1,,Emeryville
42954,205443574366,99689,6634,1,,Emeryville
42954,205443574366,99695,6636,1,,Emeryville
42954,200843575001,99699,6637,0,,San Francisco
42954,205443574366,99704,6638,1,,Emeryville
42954,205443574366,99710,6640,1,,Emeryville
42954,205443574366,99716,6641,0,,San Francisco
42954,205443574366,99722,6642,1,,Emeryville
42954,205443574366,99728,6643,0,,San Francisco
42954,205443574366,99734,6644,1,,Emeryville
42954,205443574366,99740,6645,0,,San Francisco
42954,205443574366,99746,6646,1,,Emeryville
42954,205443574366,99752,6647,0,,San Francisco
42954,205443574366,99758,6648,1,,Emeryville
42954,205443574366,99764,6649,0,,San Francisco
42954,205443574366,99770,6651,0,,San Francisco
42954,200843575001,99774,6653,0,,San Francisco
42954,200843575001,99777,6668,1,,Emeryville
42954,200843575001,99780,6670,1,,Emeryville
42954,200843575001,99783,6673,0,,San Francisco
42954,200843575001,99786,6674,1,,Emeryville
42954,200843575001,99789,6677,0,,San Francisco
42954,200843575001,99792,6678,1,,Emeryville
42954,200843575001,99795,6679,0,,San Francisco
42954,200843575001,99798,6682,1,,Emeryville
42954,200843575001,99801,6683,0,,San Francisco
42954,200843575001,99804,6684,1,,Emeryville
42954,200843575001,99807,6686,1,,Emeryville
42954,200843575001,99810,6691,0,,San Francisco
42954,200843575001,99813,6692,1,,Emeryville
42954,200843575001,99816,6693,0,,San Francisco
42954,200843575001,99819,6694,1,,Emeryville
42954,200843575001,99822,6695,0,,San Francisco
42954,200843575001,99825,6696,1,,Emeryville
42954,200843575001,99828,6697,0,,San Francisco
42954,200843575001,99831,6698,1,,Emeryville
42954,200843575001,99834,6699,0,,San Francisco
42954,112750025356,101732,5402,1,,San Bernardino
42954,112750025356,101737,5412,1,,San Bernardino
42954,112750025356,101745,5419,0,,Bakersfield
42954,212743574366,101730,5402,1,,San Bernardino
42954,100850015001,101731,5402,1,,San Bernardino
42954,212743574366,101735,5412,1,,San Bernardino
42954,100850015001,101736,5412,1,,San Bernardino
42954,212743574366,101743,5419,0,,Bakersfield
42954,100850015001,101744,5419,0,,Bakersfield
42954,312743575356,103146,6517,0,,Santa Rosa
42954,312743575356,103928,6514,1,,Martinez
42954,312743575356,104048,5710,1,,Los Angeles
42954,312743575356,104051,5810,1,,Los Angeles
42954,312743575356,104057,5910,1,,Santa Monica
42954,312743575356,104060,6510,1,,Martinez
42954,312743575356,104119,3910,1,,Stockton
42954,312743575356,104130,6610,1,,Emeryville
42954,312743575356,106471,6340,1,,Milwaukee
42954,112750695356,107563,6291,1,,Lakeland
42954,212743575067,107561,6291,1,,Lakeland
42954,106450685068,107562,6291,1,,Lakeland
42954,112750695356,107800,6091,1,,Fort Myers
42954,212743575067,107798,6091,1,,Fort Myers
42954,106450685068,107799,6091,1,,Fort Myers
42954,312743575356,107803,6092,0,,Tampa
42954,112750695356,107808,6097,1,,Fort Myers
42954,312743575356,107811,6098,0,,Orlando
42954,212743575067,107806,6097,1,,Fort Myers
42954,106450685068,107807,6097,1,,Fort Myers
42954,312743575356,108480,5811,0,,Bakersfield
42954,312743575356,110796,6292,0,,Jacksonville
42954,312743575356,111073,3815,0,,Davis
42954,312743575356,111077,3819,0,,Davis
42954,312743575356,114169,5011,0,,San Francisco
42954,312743575356,114173,5014,1,,Emeryville
42954,312743575356,114557,6311,0,,Arcata
42954,312743575356,114559,6313,0,,Arcata
42954,312743575356,114561,6316,1,,Martinez
42954,312743575356,114563,6318,1,,Martinez
42954,312743575356,114565,6515,0,,Santa Rosa
42954,106250495356,116563,6067,1,,Virginia Beach
42954,106250495356,116571,6084,0,,Norfolk
42954,306543575356,116573,6087,0,,Newport News
42954,306543575356,116577,6088,0,,Norfolk
42954,106250495356,116587,6093,0,,Newport News
42954,106250495356,116595,6094,0,,Norfolk
42954,106250495356,116603,6095,1,,Virginia Beach
42954,106450545356,116610,6096,0,,Newport News
42954,306543575356,116612,6099,1,,Virginia Beach
42954,106250495356,116626,6125,1,,Virginia Beach
42954,306543575356,116628,6153,1,,Virginia Beach
42954,306443575356,116633,6157,1,,Virginia Beach
42954,306543575356,116637,6158,0,,Norfolk
42954,106250495356,116647,6185,1,,Virginia Beach
42954,106250495356,116655,6186,0,,Newport News
42954,306543575356,116657,6187,1,,Virginia Beach
42954,306543575356,116661,6188,0,,Norfolk
42954,106250495356,116671,6193,1,,Virginia Beach
42954,300143575356,116674,6194,0,,Newport News
42954,106250495356,116684,6285,1,,Newport News
42954,106250495356,116692,6394,0,,Norfolk
42954,106250495356,116700,6438,0,,Norfolk
42954,306543575356,116702,6453,1,,Newport News
42954,205443574366,116560,6067,1,,Virginia Beach
42954,106250025045,116561,6067,1,,Virginia Beach
42954,205443574366,116568,6084,0,,Norfolk
42954,106250025045,116569,6084,0,,Norfolk
42954,200843575001,116574,6087,0,,Newport News
42954,103250485048,116575,6087,0,,Newport News
42954,200843575001,116578,6088,0,,Norfolk
42954,103250485048,116579,6088,0,,Norfolk
42954,205443574366,116584,6093,0,,Newport News
42954,106250025045,116585,6093,0,,Newport News
42954,205443574366,116592,6094,0,,Norfolk
42954,106250025045,116593,6094,0,,Norfolk
42954,205443574366,116600,6095,1,,Virginia Beach
42954,106250025045,116601,6095,1,,Virginia Beach
42954,206443575040,116606,6096,0,,Newport News
42954,200843575001,116607,6096,0,,Newport News
42954,103250485048,116609,6096,0,,Newport News
42954,200843575001,116613,6099,1,,Virginia Beach
42954,103250485048,116614,6099,1,,Virginia Beach
42954,205443574366,116623,6125,1,,Virginia Beach
42954,106250025045,116624,6125,1,,Virginia Beach
42954,200843575001,116629,6153,1,,Virginia Beach
42954,103250485048,116630,6153,1,,Virginia Beach
42954,200843575001,116634,6157,1,,Virginia Beach
42954,103250485048,116635,6157,1,,Virginia Beach
42954,200843575001,116638,6158,0,,Norfolk
42954,103250485048,116639,6158,0,,Norfolk
42954,205443574366,116644,6185,1,,Virginia Beach
42954,106250025045,116645,6185,1,,Virginia Beach
42954,205443574366,116652,6186,0,,Newport News
42954,106250025045,116653,6186,0,,Newport News
42954,200843575001,116658,6187,1,,Virginia Beach
42954,103250485048,116659,6187,1,,Virginia Beach
42954,200843575001,116662,6188,0,,Norfolk
42954,103250485048,116663,6188,0,,Norfolk
42954,205443574366,116668,6193,1,,Virginia Beach
42954,106250025045,116669,6193,1,,Virginia Beach
42954,200843575001,116675,6194,0,,Newport News
42954,106450475047,116676,6194,0,,Newport News
42954,205443574366,116681,6285,1,,Newport News
42954,106250025045,116682,6285,1,,Newport News
42954,205443574366,116689,6394,0,,Norfolk
42954,106250025045,116690,6394,0,,Norfolk
42954,205443574366,116697,6438,0,,Norfolk
42954,106250025045,116698,6438,0,,Norfolk
42954,200843575001,116703,6453,1,,Newport News
42954,103250485048,116704,6453,1,,Newport News
42954,106550395356,117923,6065,1,,Virginia Beach
42954,106550395356,117929,6124,0,,Newport News
42954,206543575026,117920,6065,1,,Virginia Beach
42954,200843575001,117921,6065,1,,Virginia Beach
42954,103250485048,117924,6065,1,,Virginia Beach
42954,206543575026,117926,6124,0,,Newport News
42954,200843575001,117927,6124,0,,Newport News
42954,103250485048,117930,6124,0,,Newport News
42954,312743575356,118056,3711,0,,Chico
42954,312743575356,118059,3713,0,,Chico
42954,312743575356,118062,3715,0,,Chico
42954,312743575356,118162,6332,1,,Milwaukee
42954,312743575356,120330,6141,0,,Reading
42954,312743575356,120333,6148,1,,Philadelphia
42954,306443575356,120335,6171,0,,Reading
42954,306343575356,120337,6171,0,,Reading
42954,312743575356,120340,6172,1,,Philadelphia
42954,112750135356,120354,3511,1,,Salinas
42954,112750135356,120357,3514,1,,Salinas
42954,112750135356,120360,3611,0,,Carmel
42954,112750135356,120363,3614,0,,Carmel
42954,112750135356,120366,4761,0,,Oakland
42954,112750135356,120369,4765,0,,Oakland
42954,112750135356,120372,4769,0,,Oakland
42954,112750125356,120375,4770,1,,Santa Barbara
42954,112750135356,120378,4784,1,,Santa Barbara
42954,112750135356,120381,4785,0,,Oakland
42954,112750135356,120384,4790,1,,Santa Barbara
42954,112750135356,120387,4794,1,,San Luis Obispo
42954,112750135356,120390,4967,0,,Fullerton
42954,112750135356,120393,4968,1,,Palm Springs
42954,112750135356,120396,4984,1,,Indio
42954,112750135356,120399,4985,0,,Fullerton
42954,212743575010,120352,3511,1,,Salinas
42954,212743575010,120355,3514,1,,Salinas
42954,212743575010,120358,3611,0,,Carmel
42954,212743575010,120361,3614,0,,Carmel
42954,212743575010,120364,4761,0,,Oakland
42954,106550115012,120365,4761,0,,Oakland
42954,212743575010,120367,4765,0,,Oakland
42954,106550115012,120368,4765,0,,Oakland
42954,212743575010,120370,4769,0,,Oakland
42954,106550115012,120371,4769,0,,Oakland
42954,212743575009,120373,4770,1,,Santa Barbara
42954,100350105011,120374,4770,1,,Santa Barbara
42954,212743575010,120376,4784,1,,Santa Barbara
42954,106550115012,120377,4784,1,,Santa Barbara
42954,212743575010,120379,4785,0,,Oakland
42954,106550115012,120380,4785,0,,Oakland
42954,212743575010,120382,4790,1,,Santa Barbara
42954,106550115012,120383,4790,1,,Santa Barbara
42954,212743575010,120385,4794,1,,San Luis Obispo
42954,106550115012,120386,4794,1,,San Luis Obispo
42954,212743575010,120388,4967,0,,Fullerton
42954,106550115012,120389,4967,0,,Fullerton
42954,212743575010,120391,4968,1,,Palm Springs
42954,106550115012,120392,4968,1,,Palm Springs
42954,212743575010,120394,4984,1,,Indio
42954,106550115012,120395,4984,1,,Indio
42954,212743575010,120397,4985,0,,Fullerton
42954,106550115012,120398,4985,0,,Fullerton
42954,312743575356,120427,3524,1,,Reno
42954,312743575356,120430,3549,0,,Sacramento
42954,306543575356,120433,3584,1,,Sparks
42954,306543575356,120437,3587,0,,Sacramento
42954,200843575001,120434,3584,1,,Sparks
42954,200843575001,120438,3587,0,,Sacramento
42954,312743575356,120504,6339,0,,Green Bay
41042,306543575356,117097,405,1,318,New Haven
41042,306543575356,117107,450,0,319,Springfield
41042,306543575356,117111,460,0,319,Springfield
41042,300143575356,117120,463,1,318,New Haven
41042,306543575356,117124,464,0,319,Springfield
41042,300143575356,117132,467,1,318,New Haven
41042,200843575001,117098,405,1,318,New Haven
41042,103250485048,117099,405,1,318,New Haven
41042,200843575001,117108,450,0,319,Springfield
41042,103250485048,117109,450,0,319,Springfield
41042,200843575001,117112,460,0,319,Springfield
41042,103250485048,117113,460,0,319,Springfield
41042,200843575001,117121,463,1,318,New Haven
41042,106450475047,117122,463,1,318,New Haven
41042,200843575001,117125,464,0,319,Springfield
41042,103250485048,117126,464,0,319,Springfield
41042,200843575001,117133,467,1,318,New Haven
41042,106450475047,117134,467,1,318,New Haven
41042,106250495356,117181,417,1,318,New Haven
41042,106250495356,117189,470,0,319,Springfield
41042,106250495356,117205,473,1,318,New Haven
41042,106250495356,117213,474,0,319,Springfield
41042,106250495356,117221,475,1,318,New Haven
41042,106250495356,117245,490,0,319,Springfield
41042,205443574366,117178,417,1,318,New Haven
41042,106250025045,117179,417,1,318,New Haven
41042,205443574366,117186,470,0,319,Springfield
41042,106250025045,117187,470,0,319,Springfield
41042,205443574366,117202,473,1,318,New Haven
41042,106250025045,117203,473,1,318,New Haven
41042,205443574366,117210,474,0,319,Springfield
41042,106250025045,117211,474,0,319,Springfield
41042,205443574366,117218,475,1,318,New Haven
41042,106250025045,117219,475,1,318,New Haven
41042,205443574366,117242,490,0,319,Springfield
41042,106250025045,117243,490,0,319,Springfield
41042,106450545356,117472,409,1,318,New Haven
41042,206443575040,117469,409,1,318,New Haven
41042,103250485048,117471,409,1,318,New Haven
41042,106450545356,117494,416,0,319,Springfield
41042,106450545356,117499,465,1,318,New Haven
41042,106450545356,117504,497,1,318,New Haven
41042,206443575040,117491,416,0,319,Springfield
41042,103250485048,117493,416,0,319,Springfield
41042,206443575040,117496,465,1,318,New Haven
41042,103250485048,117498,465,1,318,New Haven
41042,206443575040,117501,497,1,318,New Haven
41042,103250485048,117503,497,1,318,New Haven
41080,312743575356,89149,3761,0,,Redding
41080,312743575356,89150,3763,0,,Redding
41080,312743575356,89151,3766,1,,Chico
41080,312743575356,89152,3788,1,,Chico
84,106250025356,100397,521,0,230,San Jose
84,106250025356,100403,522,1,59,Sacramento
84,106250025356,100409,523,0,230,San Jose
84,106250025356,100415,524,1,64,Sacramento
84,106250025356,100434,528,1,64,Sacramento
84,106250025356,100440,529,0,357,San Jose
84,106250025356,100458,534,1,59,Sacramento
84,106250025356,100464,536,1,59,Sacramento
84,106250025356,100470,538,1,63,Auburn
84,106250025356,100482,541,0,230,San Jose
84,106250025356,100488,542,1,64,Sacramento
84,106250025356,100499,543,0,61,Oakland
84,106250025356,100536,549,0,61,Oakland
84,106250025356,100542,551,0,61,Oakland
84,306543575356,100936,720,1,59,Sacramento
84,306543575356,100955,727,0,230,San Jose
84,306543575356,100957,728,1,64,Sacramento
84,306543575356,100960,729,0,357,San Jose
84,306543575356,100963,732,1,64,Sacramento
84,306543575356,100966,733,0,60,Oakland
84,306543575356,100969,734,1,59,Sacramento
84,306543575356,100972,736,1,63,Auburn
84,306543575356,100975,737,0,230,San Jose
84,306543575356,100978,738,1,59,Sacramento
84,306543575356,100981,741,0,230,San Jose
84,306543575356,100984,742,1,64,Sacramento
84,306543575356,100987,743,0,230,San Jose
84,306543575356,100990,744,1,64,Sacramento
84,306543575356,100993,745,0,61,Oakland
84,306543575356,100996,746,1,59,Sacramento
84,306543575356,100999,747,0,230,San Jose
84,306543575356,101013,748,1,64,Sacramento
84,306543575356,101015,749,0,61,Oakland
84,306543575356,101018,751,0,61,Oakland
84,205443574366,100396,521,0,230,San Jose
84,205443574366,100402,522,1,59,Sacramento
84,205443574366,100408,523,0,230,San Jose
84,205443574366,100414,524,1,64,Sacramento
84,205443574366,100433,528,1,64,Sacramento
84,205443574366,100439,529,0,357,San Jose
84,205443574366,100457,534,1,59,Sacramento
84,205443574366,100463,536,1,59,Sacramento
84,205443574366,100469,538,1,63,Auburn
84,205443574366,100481,541,0,230,San Jose
84,205443574366,100487,542,1,64,Sacramento
84,202243574366,100496,543,0,61,Oakland
84,103243654365,100497,543,0,230,San Jose
84,205443574366,100535,549,0,61,Oakland
84,205443574366,100541,551,0,61,Oakland
84,200843575001,100938,720,1,59,Sacramento
84,200843575001,100956,727,0,230,San Jose
84,200843575001,100959,728,1,64,Sacramento
84,200843575001,100962,729,0,357,San Jose
84,200843575001,100965,732,1,64,Sacramento
84,200843575001,100968,733,0,60,Oakland
84,200843575001,100971,734,1,59,Sacramento
84,200843575001,100974,736,1,63,Auburn
84,200843575001,100977,737,0,230,San Jose
84,200843575001,100980,738,1,59,Sacramento
84,200843575001,100983,741,0,230,San Jose
84,200843575001,100986,742,1,64,Sacramento
84,200843575001,100989,743,0,230,San Jose
84,200843575001,100992,744,1,64,Sacramento
84,200843575001,100995,745,0,61,Oakland
84,200843575001,100998,746,1,59,Sacramento
84,200843575001,101001,747,0,230,San Jose
84,200843575001,101014,748,1,64,Sacramento
84,200843575001,101017,749,0,61,Oakland
84,200843575001,101020,751,0,61,Oakland
84,106250025356,101147,531,0,61,Oakland
84,205443574366,101146,531,0,61,Oakland
84,306543575356,103877,723,0,230,San Jose
84,306543575356,103882,724,1,64,Sacramento
84,200843575001,103879,723,0,230,San Jose
84,200843575001,103884,724,1,64,Sacramento
84,106250025356,106465,546,1,64,Sacramento
84,205443574366,106464,546,1,64,Sacramento
84,106250025356,111138,545,0,61,Oakland
84,205443574366,111137,545,0,61,Oakland
84,106250025356,111146,540,1,59,Sacramento
84,205443574366,111145,540,1,59,Sacramento
84,106250025356,111154,532,1,64,Sacramento
84,205443574366,111153,532,1,64,Sacramento
84,106250025356,111162,544,1,59,Sacramento
84,205443574366,111161,544,1,59,Sacramento
84,106250025356,113958,525,0,61,Oakland
84,205443574366,113957,525,0,61,Oakland
84,106250025356,114435,547,0,230,San Jose
84,205443574366,114434,547,0,230,San Jose
84,106250025356,118095,527,0,230,San Jose
84,205443574366,118094,527,0,230,San Jose
84,103243654365,120786,550,1,64,Sacramento
84,106250025356,120887,548,1,59,Sacramento
84,202243574366,120885,548,1,59,Sacramento
42896,312743575356,95331,5612,1,,Santa Barbara
42896,312743575356,112544,5619,0,,Las Vegas
94,300143575356,115709,611,0,25,Harrisburg
94,306543575356,115744,665,0,23,Harrisburg
94,306543575356,115753,667,0,23,Harrisburg
94,306543575356,115764,670,1,21,New York
94,306543575356,115769,671,0,23,Harrisburg
94,306543575356,115773,672,1,21,New York
94,200843575001,115710,611,0,25,Harrisburg
94,106450475047,115711,611,0,25,Harrisburg
94,200843575001,115745,665,0,23,Harrisburg
94,103250485048,115746,665,0,23,Harrisburg
94,200843575001,115754,667,0,23,Harrisburg
94,103250485048,115755,667,0,23,Harrisburg
94,200843575001,115765,670,1,21,New York
94,103250485048,115766,670,1,21,New York
94,200843575001,115770,671,0,23,Harrisburg
94,103250485048,115771,671,0,23,Harrisburg
94,200843575001,115774,672,1,21,New York
94,103250485048,115775,672,1,21,New York
94,106250495356,115825,600,1,21,New York
94,106250495356,115834,601,0,25,Harrisburg
94,106250495356,115843,605,0,25,Harrisburg
94,106250495356,115851,607,0,25,Harrisburg
94,106450545356,115871,612,1,22,Philadelphia
94,106450545356,115877,615,0,25,Harrisburg
94,106250495356,115885,620,1,22,Philadelphia
94,106050495356,115893,622,1,22,Philadelphia
94,106450545356,115899,637,0,24,Philadelphia
94,106250495356,115908,639,0,24,Philadelphia
94,106250495356,115927,641,0,23,Harrisburg
94,106250495356,115982,647,0,23,Harrisburg
94,106250495356,116017,651,0,23,Harrisburg
94,106250495356,116036,653,0,23,Harrisburg
94,106250495356,116056,655,0,23,Harrisburg
94,106250495356,116075,657,0,23,Harrisburg
94,205443574366,115822,600,1,21,New York
94,106250025045,115823,600,1,21,New York
94,205443574366,115831,601,0,25,Harrisburg
94,106250025045,115832,601,0,25,Harrisburg
94,205443574366,115840,605,0,25,Harrisburg
94,106250025045,115841,605,0,25,Harrisburg
94,205443574366,115848,607,0,25,Harrisburg
94,106250025045,115849,607,0,25,Harrisburg
94,206443575040,115868,612,1,22,Philadelphia
94,103250485048,115870,612,1,22,Philadelphia
94,206443575040,115874,615,0,25,Harrisburg
94,103250485048,115876,615,0,25,Harrisburg
94,205443574366,115882,620,1,22,Philadelphia
94,106250025045,115883,620,1,22,Philadelphia
94,205243574366,115890,622,1,22,Philadelphia
94,106050025044,115891,622,1,22,Philadelphia
94,206443575040,115896,637,0,24,Philadelphia
94,103250485048,115898,637,0,24,Philadelphia
94,205443574366,115905,639,0,24,Philadelphia
94,106250025045,115906,639,0,24,Philadelphia
94,205443574366,115924,641,0,23,Harrisburg
94,106250025045,115925,641,0,23,Harrisburg
94,205443574366,115979,647,0,23,Harrisburg
94,106250025045,115980,647,0,23,Harrisburg
94,205443574366,116014,651,0,23,Harrisburg
94,106250025045,116015,651,0,23,Harrisburg
94,205443574366,116033,653,0,23,Harrisburg
94,106250025045,116034,653,0,23,Harrisburg
94,205443574366,116053,655,0,23,Harrisburg
94,106250025045,116054,655,0,23,Harrisburg
94,205443574366,116072,657,0,23,Harrisburg
94,106250025045,116073,657,0,23,Harrisburg
94,106450545356,117951,610,1,22,Philadelphia
94,206443575040,117947,610,1,22,Philadelphia
94,200843575001,117948,610,1,22,Philadelphia
94,103350465048,117949,610,1,22,Philadelphia
94,100150535356,117956,674,1,21,New York
94,200143575039,117953,674,1,21,New York
94,106450475047,117955,674,1,21,New York
94,106250495356,118112,609,0,23,Harrisburg
94,205443574366,118109,609,0,23,Harrisburg
94,106250025045,118110,609,0,23,Harrisburg
94,106250495356,118122,645,0,23,Harrisburg
94,106250495356,118131,649,0,23,Harrisburg
94,205443574366,118119,645,0,23,Harrisburg
94,106250025045,118120,645,0,23,Harrisburg
94,205443574366,118128,649,0,23,Harrisburg
94,106250025045,118129,649,0,23,Harrisburg
94,306543575356,118237,669,0,23,Harrisburg
94,200843575001,118238,669,0,23,Harrisburg
94,103250485048,118239,669,0,23,Harrisburg
94,106250905356,118716,640,1,21,New York
94,205443575003,118712,640,1,21,New York
94,106250065045,118713,640,1,21,New York
94,106250495087,118715,640,1,21,New York
94,106250905356,118747,642,1,21,New York
94,205443575003,118743,642,1,21,New York
94,106250065045,118744,642,1,21,New York
94,106250495087,118746,642,1,21,New York
94,106250905356,118804,646,1,21,New York
94,205443575003,118800,646,1,21,New York
94,106250065045,118801,646,1,21,New York
94,106250495087,118803,646,1,21,New York
94,106250905356,118828,648,1,21,New York
94,205443575003,118824,648,1,21,New York
94,106250065045,118825,648,1,21,New York
94,106250495087,118827,648,1,21,New York
94,106250905356,118896,650,1,21,New York
94,205443575003,118892,650,1,21,New York
94,106250065045,118893,650,1,21,New York
94,106250495087,118895,650,1,21,New York
94,106250905356,118970,652,1,21,New York
94,205443575003,118966,652,1,21,New York
94,106250065045,118967,652,1,21,New York
94,106250495087,118969,652,1,21,New York
94,106250905356,119110,654,1,21,New York
94,205443575003,119106,654,1,21,New York
94,106250065045,119107,654,1,21,New York
94,106250495087,119109,654,1,21,New York
94,106250905356,119140,656,1,21,New York
94,106250905356,119148,658,1,21,New York
94,205443575003,119135,656,1,21,New York
94,106250065045,119137,656,1,21,New York
94,106250495087,119139,656,1,21,New York
94,205443575003,119144,658,1,21,New York
94,106250065045,119145,658,1,21,New York
94,106250495087,119147,658,1,21,New York
94,100250945356,119168,624,1,21,New York
94,200243575003,119166,624,1,21,New York
94,100250105087,119167,624,1,21,New York
94,106550885356,119518,666,1,21,New York
94,206543574364,119514,666,1,21,New York
94,200843575001,119515,666,1,21,New York
94,106550045082,119516,666,1,21,New York
94,103250485048,119517,666,1,21,New York
94,100150885356,119598,662,1,21,New York
94,200143574363,119594,662,1,21,New York
94,200843575001,119595,662,1,21,New York
94,100150045081,119596,662,1,21,New York
94,106450475047,119597,662,1,21,New York
94,106250905356,120059,643,0,23,Harrisburg
94,106250905356,120066,644,1,21,New York
94,205443575003,120055,643,0,23,Harrisburg
94,106250065045,120056,643,0,23,Harrisburg
94,106250495087,120058,643,0,23,Harrisburg
94,205443575003,120061,644,1,21,New York
94,106250065045,120063,644,1,21,New York
94,106250495087,120065,644,1,21,New York
94,106550885356,120559,660,1,21,New York
94,106550885356,120566,664,1,21,New York
94,207343575001,120556,660,1,21,New York
94,106550045082,120557,660,1,21,New York
94,103250485048,120558,660,1,21,New York
94,200843575001,120562,664,1,21,New York
94,106543634364,120563,664,1,21,New York
94,106550045082,120564,664,1,21,New York
94,103250485048,120565,664,1,21,New York
94,106543635356,120583,661,0,23,Harrisburg
94,106550115356,120588,663,0,23,Harrisburg
94,200843575001,120582,661,0,23,Harrisburg
94,103250485048,120584,661,0,23,Harrisburg
94,207343575005,120587,663,0,23,Harrisburg
94,103250485048,120589,663,0,23,Harrisburg
26025,312743575356,92365,703,0,222,Sacramento
26025,312743575356,92371,713,0,221,Oakland
26025,312743575356,92374,715,0,221,Oakland
26025,312743575356,92468,702,1,224,Bakersfield
26025,312743575356,92474,714,1,223,Bakersfield
26025,312743575356,92477,716,1,223,Bakersfield
26025,312743575356,98064,718,1,223,Bakersfield
26025,312743575356,105454,710,1,223,Bakersfield
26025,312743575356,106211,712,1,223,Bakersfield
26025,312743575356,106221,717,0,221,Oakland
26025,312743575356,106224,719,0,221,Oakland
26025,312743575356,115387,711,0,221,Oakland
69,112750885356,118667,90,0,104,New York
69,212743575003,118665,90,0,104,New York
69,112750045087,118666,90,0,104,New York
69,112750885356,119513,89,1,103,Savannah
69,212743575003,119508,89,1,103,Savannah
69,106550045082,119509,89,1,103,Savannah
69,106250065045,119510,89,1,103,Savannah
69,103250485048,119511,89,1,103,Savannah
69,106250495087,119512,89,1,103,Savannah
42948,306543575356,114238,3034,1,,New London
42948,306543575356,114241,3604,1,,New London
42948,306543575356,114244,3610,1,,New London
42948,306543575356,114247,3613,0,,New Haven
42948,306543575356,114250,3618,1,,New London
42948,306543575356,114253,3621,0,,New Haven
42948,306543575356,114256,3629,0,,New Haven
42948,306543575356,114259,3637,0,,New Haven
42948,306543575356,114262,3645,0,,New Haven
42948,306543575356,114265,3652,1,,New London
42948,306543575356,114268,3690,1,,New London
42948,306543575356,114271,3692,1,,New London
42948,306543575356,114274,3699,0,,New Haven
42948,306543575356,114277,3655,0,,New Haven
42948,306543575356,114280,3663,0,,New Haven
42948,306543575356,114283,3644,1,,New London
42948,202443575001,114240,3034,1,,New London
42948,202443575001,114243,3604,1,,New London
42948,202443575001,114246,3610,1,,New London
42948,202443575001,114249,3613,0,,New Haven
42948,202443575001,114252,3618,1,,New London
42948,202443575001,114255,3621,0,,New Haven
42948,202443575001,114258,3629,0,,New Haven
42948,202443575001,114261,3637,0,,New Haven
42948,202443575001,114264,3645,0,,New Haven
42948,202443575001,114267,3652,1,,New London
42948,202443575001,114270,3690,1,,New London
42948,202443575001,114273,3692,1,,New London
42948,202443575001,114276,3699,0,,New Haven
42948,202443575001,114279,3655,0,,New Haven
42948,202443575001,114282,3663,0,,New Haven
42948,202443575001,114285,3644,1,,New London
42948,106250025356,114292,1600,1,,New London
42948,106250025356,114299,1602,1,,New London
42948,106250025356,114306,1604,1,,New London
42948,106250025356,114313,1606,1,,New London
42948,106250025356,114320,1610,1,,New London
42948,106250025356,114327,1632,1,,New London
42948,106250025356,114334,1634,1,,New London
42948,106250025356,114341,1637,0,,New Haven
42948,106250025356,114348,1638,1,,New London
42948,106250025356,114355,1645,0,,New Haven
42948,106250025356,114362,1652,1,,New London
42948,106250025356,114369,1659,0,,New Haven
42948,106250025356,114376,1667,0,,New Haven
42948,106250025356,114383,1687,0,,New Haven
42948,106250025356,114390,1699,0,,New Haven
42948,106250025356,114404,1681,0,,New Haven
42948,106250025356,114411,1691,0,,New Haven
42948,106250025356,114418,1640,1,,New London
42948,106250025356,114425,1695,0,,New Haven
42948,205443574366,114291,1600,1,,New London
42948,203843574365,114298,1602,1,,New London
42948,203843574365,114305,1604,1,,New London
42948,203843574365,114312,1606,1,,New London
42948,203843574365,114319,1610,1,,New London
42948,203843574365,114326,1632,1,,New London
42948,203843574365,114333,1634,1,,New London
42948,203843574365,114340,1637,0,,New Haven
42948,203843574365,114347,1638,1,,New London
42948,203843574365,114354,1645,0,,New Haven
42948,203843574365,114361,1652,1,,New London
42948,203843574365,114368,1659,0,,New Haven
42948,203843574365,114375,1667,0,,New Haven
42948,203843574365,114382,1687,0,,New Haven
42948,203843574365,114389,1699,0,,New Haven
42948,203843574365,114403,1681,0,,New Haven
42948,203843574365,114410,1691,0,,New Haven
42948,205443574366,114417,1640,1,,New London
42948,205443574366,114424,1695,0,,New Haven
42948,106250025356,118069,1633,0,,New Haven
42948,205443574366,118068,1633,0,,New Haven
80,306243575356,106304,351,0,53,Chicago
80,306543575356,106305,351,0,53,Chicago
80,306543575356,106314,354,1,52,Pontiac
80,306243575356,106315,354,1,52,Pontiac
80,306543575356,113121,355,0,53,Chicago
80,306243575356,113123,355,0,53,Chicago
80,306543575356,113146,350,1,52,Pontiac
80,306243575356,113149,350,1,52,Pontiac
80,306543575356,113204,353,0,53,Chicago
80,306243575356,113207,353,0,53,Chicago
80,306543575356,113450,352,1,52,Pontiac
80,306243575356,113451,352,1,52,Pontiac
42956,306243575356,85513,364,1,,Port Huron
42956,306543575356,85514,364,1,,Port Huron
42956,306543575356,103638,365,0,,Chicago
42956,306243575356,103639,365,0,,Chicago
42935,312743575356,120620,8391,0,,St. Paul
42935,312743575356,120785,8396,1,,Milwaukee
42985,306243575356,87981,9406,0,,Baltimore
42985,300243575356,88146,9453,1,,Washington
42985,300143575356,88150,9481,1,,Washington
42985,306443575356,88152,9484,0,,Baltimore
42985,306443575356,88157,9488,0,,Baltimore
42985,306543575356,88159,9491,1,,Washington
42985,306443575356,88161,9493,1,,Washington
42985,306543575356,88163,9495,1,,Washington
42985,300143575356,88166,9499,1,,Washington
42985,306243575356,88196,9534,0,,Perryville
42985,306243575356,88217,9550,0,,Perryville
42985,306243575356,88232,9583,1,,Baltimore
42985,306243575356,88233,9585,1,,Baltimore
42985,306243575356,88234,9587,1,,Baltimore
42985,306243575356,88256,9638,1,,Old Saybrook
42985,306243575356,88263,9652,0,,Perryville
42985,306243575356,88264,9654,0,,Perryville
42985,306243575356,88269,9679,1,,Washington
42985,306443575356,88272,9683,1,,Washington
42985,300143575356,89881,9675,1,,Washington
42985,300143575356,89913,9689,1,,Washington
42985,300143575356,89917,9685,1,,Washington
42985,300143575356,89943,9497,1,,Washington
42985,306443575356,89947,9677,1,,Washington
42985,306443575356,89951,9681,1,,Washington
42985,106250025356,101766,9401,1,,Washington
42985,106250025356,101798,9409,1,,Washington
42985,106250025356,101804,9413,1,,Washington
42985,106250025356,101814,9415,1,,Washington
42985,106250025356,101824,9419,1,,Washington
42985,106250025356,101830,9421,1,,Washington
42985,106250025356,101840,9423,1,,Washington
42985,106250025356,101852,9427,1,,Washington
42985,106250025356,101862,9429,1,,Washington
42985,106250025356,101868,9431,1,,Washington
42985,106250025356,101878,9433,1,,Washington
42985,106250025356,101884,9435,1,,Washington
42985,106250025356,101894,9439,1,,Washington
42985,106250025356,101901,9443,1,,Washington
42985,106250025356,101912,9445,1,,Washington
42985,106250025356,101922,9447,1,,Washington
42985,106250025356,101928,9449,1,,Washington
42985,106250025356,101938,9451,1,,Washington
42985,106250025356,101948,9505,1,,Washington
42985,106250025356,101954,9511,1,,Washington
42985,106250025356,101960,9517,1,,Washington
42985,106250025356,101966,9525,1,,Washington
42985,106250025356,101992,9613,1,,Baltimore
42985,106250025356,101998,9641,0,,Washington
42985,205443574366,101765,9401,1,,Washington
42985,205443574366,101797,9409,1,,Washington
42985,205443574366,101803,9413,1,,Washington
42985,205443574366,101813,9415,1,,Washington
42985,205443574366,101823,9419,1,,Washington
42985,205443574366,101829,9421,1,,Washington
42985,205443574366,101839,9423,1,,Washington
42985,205443574366,101851,9427,1,,Washington
42985,205443574366,101861,9429,1,,Washington
42985,205443574366,101867,9431,1,,Washington
42985,205443574366,101877,9433,1,,Washington
42985,205443574366,101883,9435,1,,Washington
42985,205443574366,101893,9439,1,,Washington
42985,205443574366,101900,9443,1,,Washington
42985,205443574366,101911,9445,1,,Washington
42985,205443574366,101921,9447,1,,Washington
42985,205443574366,101927,9449,1,,Washington
42985,205443574366,101937,9451,1,,Washington
42985,205443574366,101947,9505,1,,Washington
42985,205443574366,101953,9511,1,,Washington
42985,205443574366,101959,9517,1,,Washington
42985,205443574366,101965,9525,1,,Washington
42985,205443574366,101991,9613,1,,Baltimore
42985,205443574366,101997,9641,0,,Washington
42985,106250025356,102008,9400,0,,Baltimore
42985,106250025356,102151,9532,0,,Perryville
42985,106250025356,102189,9554,0,,Perryville
42985,205443574366,102007,9400,0,,Baltimore
42985,205443574366,102150,9532,0,,Perryville
42985,205443574366,102188,9554,0,,Perryville
42985,106050025356,102247,9455,1,,Washington
42985,205243574366,102246,9455,1,,Washington
42985,106250905356,120108,9403,1,,Washington
42985,106250905356,120113,9407,1,,Washington
42985,205443575003,120106,9403,1,,Washington
42985,106250065087,120107,9403,1,,Washington
42985,205443575003,120111,9407,1,,Washington
42985,106250065087,120112,9407,1,,Washington
42985,106250905356,120118,9537,1,,Washington
42985,205443575003,120116,9537,1,,Washington
42985,106250065087,120117,9537,1,,Washington
42985,106250905356,120123,9579,1,,Baltimore
42985,205443575003,120121,9579,1,,Baltimore
42985,106250065087,120122,9579,1,,Baltimore
42985,106250905356,120128,9404,0,,Baltimore
42985,106250905356,120133,9502,0,,Perryville
42985,205443575003,120126,9404,0,,Baltimore
42985,106250065087,120127,9404,0,,Baltimore
42985,205443575003,120131,9502,0,,Perryville
42985,106250065087,120132,9502,0,,Perryville
42985,106250905356,120138,9408,0,,Baltimore
42985,106250905356,120143,9612,0,,Martin Airport
42985,205443575003,120136,9408,0,,Baltimore
42985,106250065087,120137,9408,0,,Baltimore
42985,205443575003,120141,9612,0,,Martin Airport
42985,106250065087,120142,9612,0,,Martin Airport
42985,106250905356,120148,9414,0,,Baltimore
42985,106250905356,120153,9418,0,,Baltimore
42985,106250905356,120158,9440,0,,Baltimore
42985,106450895356,120161,9485,1,,Washington
42985,106550885356,120164,9487,1,,Washington
42985,205443575003,120146,9414,0,,Baltimore
42985,106250065087,120147,9414,0,,Baltimore
42985,205443575003,120151,9418,0,,Baltimore
42985,106250065087,120152,9418,0,,Baltimore
42985,205443575003,120156,9440,0,,Baltimore
42985,106250065087,120157,9440,0,,Baltimore
42985,206443574364,120159,9485,1,,Washington
42985,106450055082,120160,9485,1,,Washington
42985,206543574364,120162,9487,1,,Washington
42985,106550045082,120163,9487,1,,Washington
42985,100150885356,120167,9476,0,,Baltimore
42985,106450895356,120170,9478,0,,Baltimore
42985,100150885356,120173,9480,0,,Baltimore
42985,106450895356,120176,9486,0,,Baltimore
42985,200143574363,120165,9476,0,,Baltimore
42985,100150045081,120166,9476,0,,Baltimore
42985,206443574364,120168,9478,0,,Baltimore
42985,106450055082,120169,9478,0,,Baltimore
42985,200143574363,120171,9480,0,,Baltimore
42985,100150045081,120172,9480,0,,Baltimore
42985,206443574364,120174,9486,0,,Baltimore
42985,106450055082,120175,9486,0,,Baltimore
42985,106250905356,120181,9410,0,,Baltimore
42985,205443575003,120179,9410,0,,Baltimore
42985,106250065087,120180,9410,0,,Baltimore
42985,106250905356,120198,9610,0,,Martin Airport
42985,205443575003,120196,9610,0,,Martin Airport
42985,106250065087,120197,9610,0,,Martin Airport
42985,106250905356,120203,9412,0,,Baltimore
42985,106250905356,120208,9416,0,,Baltimore
42985,205443575003,120201,9412,0,,Baltimore
42985,106250065087,120202,9412,0,,Baltimore
42985,205443575003,120206,9416,0,,Baltimore
42985,106250065087,120207,9416,0,,Baltimore
42985,106250905356,120213,9520,0,,Perryville
42985,205443575003,120211,9520,0,,Perryville
42985,106250065087,120212,9520,0,,Perryville
42985,106250905356,120226,9422,0,,Baltimore
42985,205443575003,120224,9422,0,,Baltimore
42985,106250065087,120225,9422,0,,Baltimore
42985,106250905356,120243,9424,0,,Baltimore
42985,205443575003,120241,9424,0,,Baltimore
42985,106250065087,120242,9424,0,,Baltimore
42985,106250905356,120248,9426,0,,Baltimore
42985,106250905356,120253,9428,0,,Baltimore
42985,205443575003,120246,9426,0,,Baltimore
42985,106250065087,120247,9426,0,,Baltimore
42985,205443575003,120251,9428,0,,Baltimore
42985,106250065087,120252,9428,0,,Baltimore
42985,106250905356,120263,9536,0,,Perryville
42985,106250905356,120268,9634,0,,Martin Airport
42985,205443575003,120261,9536,0,,Perryville
42985,106250065087,120262,9536,0,,Perryville
42985,205443575003,120266,9634,0,,Martin Airport
42985,106250065087,120267,9634,0,,Martin Airport
42985,106250905356,120273,9438,0,,Baltimore
42985,205443575003,120271,9438,0,,Baltimore
42985,106250065087,120272,9438,0,,Baltimore
42985,106250905356,120278,9642,0,,Martin Airport
42985,205443575003,120276,9642,0,,Martin Airport
42985,106250065087,120277,9642,0,,Martin Airport
42985,106250905356,120283,9446,0,,Baltimore
42985,106250905356,120288,9448,0,,Baltimore
42985,106250905356,120293,9544,0,,Perryville
42985,205443575003,120281,9446,0,,Baltimore
42985,106250065087,120282,9446,0,,Baltimore
42985,205443575003,120286,9448,0,,Baltimore
42985,106250065087,120287,9448,0,,Baltimore
42985,205443575003,120291,9544,0,,Perryville
42985,106250065087,120292,9544,0,,Perryville
42985,100250945356,120301,9452,0,,Baltimore
42985,106250905356,120306,9548,0,,Perryville
42985,200243575003,120299,9452,0,,Baltimore
42985,100250105087,120300,9452,0,,Baltimore
42985,205443575003,120304,9548,0,,Perryville
42985,106250065087,120305,9548,0,,Perryville
42985,106550885356,120309,9482,0,,Baltimore
42985,106550885356,120312,9490,0,,Baltimore
42985,206543574364,120307,9482,0,,Baltimore
42985,106550045082,120308,9482,0,,Baltimore
42985,206543574364,120310,9490,0,,Baltimore
42985,106550045082,120311,9490,0,,Baltimore
42985,100150885356,120315,9492,0,,Baltimore
42985,100150885356,120318,9494,0,,Baltimore
42985,100150885356,120321,9688,0,,Martin Airport
42985,200143574363,120313,9492,0,,Baltimore
42985,100150045081,120314,9492,0,,Baltimore
42985,200143574363,120316,9494,0,,Baltimore
42985,100150045081,120317,9494,0,,Baltimore
42985,200143574363,120319,9688,0,,Martin Airport
42985,100150045081,120320,9688,0,,Martin Airport
42985,100150885356,120324,9696,0,,Martin Airport
42985,100150885356,120327,9698,0,,Martin Airport
42985,200143574363,120322,9696,0,,Martin Airport
42985,100150045081,120323,9696,0,,Martin Airport
42985,200143574363,120325,9698,0,,Martin Airport
42985,100150045081,120326,9698,0,,Martin Airport
42985,106450895356,120343,9692,0,,Martin Airport
42985,106450895356,120346,9694,0,,Martin Airport
42985,206443574364,120341,9692,0,,Martin Airport
42985,106450055082,120342,9692,0,,Martin Airport
42985,206443574364,120344,9694,0,,Martin Airport
42985,106450055082,120345,9694,0,,Martin Airport
42985,106250905356,120351,9430,0,,Baltimore
42985,205443575003,120349,9430,0,,Baltimore
42985,106250065087,120350,9430,0,,Baltimore
54,300243575356,85458,343,0,19,Milwaukee
54,312743575356,89286,336,1,20,Chicago
54,312743575356,89289,337,0,19,Milwaukee
54,106250025356,103629,329,0,19,Milwaukee
54,106350025356,103636,330,1,20,Chicago
54,205443574366,103627,329,0,19,Milwaukee
54,205543574366,103634,330,1,20,Chicago
54,312743575356,106120,332,1,20,Chicago
54,312743575356,106122,341,0,19,Milwaukee
54,312743575356,111647,331,0,19,Milwaukee
54,312743575356,111650,334,1,20,Chicago
54,312743575356,111659,339,0,19,Milwaukee
54,312743575356,111662,342,1,20,Chicago
54,312743575356,111897,338,1,20,Chicago
54,312743575356,114827,335,0,19,Milwaukee
36949,312743575356,85389,291,0,371,Burlington
36949,312743575356,101448,290,1,370,New York
36948,312743575356,85410,311,0,255,Kansas City
36948,312743575356,85411,316,1,257,St. Louis
55,312743575356,85517,370,1,27,Grand Rapids
55,312743575356,103403,371,0,28,Chicago
56,312743575356,85534,393,1,122,Carbondale
56,312743575356,96471,392,0,121,Chicago
81,112750685356,85625,49,0,128,Chicago
81,212743575066,85623,49,0,128,Chicago
81,100150675067,85624,49,0,128,Chicago
81,112750685356,90580,449,0,125,Chicago
81,212743575066,90578,449,0,125,Chicago
81,100150675067,90579,449,0,125,Chicago
81,112750685356,102573,448,1,126,Boston
81,212743575066,102571,448,1,126,Boston
81,100150675067,102572,448,1,126,Boston
81,112750685356,103740,48,1,127,New York
81,212743575066,103738,48,1,127,New York
81,100150675067,103739,48,1,127,New York
96,112750685356,85646,5,0,173,Emeryville
96,112750685356,85790,6,1,174,Chicago
96,212743575065,85643,5,0,173,Emeryville
96,100250665066,85644,5,0,173,Emeryville
96,212743575065,85787,6,1,174,Chicago
96,100250665066,85788,6,1,174,Chicago
96,100150675067,111929,1005,0,173,Emeryville
96,100150675067,111934,1006,1,174,Chicago
58,102150705356,85649,50,1,187,New York
58,202143575065,85647,50,1,187,New York
58,100150675067,85648,50,1,187,New York
58,107450895356,118569,51,0,188,Chicago
58,207443575003,118567,51,0,188,Chicago
58,107450055087,118568,51,0,188,Chicago
60,312743575356,85652,503,1,292,Eugene
60,312743575356,85656,508,0,289,Seattle
60,312743575356,85663,516,0,375,Vancouver
60,312743575356,85664,517,1,372,Portland
60,312743575356,85665,518,0,291,Vancouver
60,312743575356,85666,519,1,297,Seattle
60,312743575356,86427,506,0,290,Seattle
60,312743575356,89700,504,0,289,Seattle
60,312743575356,90855,507,1,292,Eugene
60,312743575356,91264,500,0,290,Seattle
60,312743575356,91269,502,0,290,Seattle
60,312743575356,91272,509,1,293,Portland
60,312743575356,91275,511,1,293,Portland
60,312743575356,106447,505,1,293,Portland
18650,312743575356,86660,5522,0,,Galesburg
18650,312743575356,114555,5521,1,,Springfield
18650,112743625356,114617,8358,0,,St. Louis
18650,312743575356,114622,8359,1,,Carbondale
42933,312743575356,86716,6005,1,,Fraser
42933,312743575356,86717,6006,1,,Fraser
42933,312743575356,86867,6206,1,,Winter Park
42933,312743575356,114522,6205,1,,Winter Park
23565,112750695356,87268,7103,0,,Los Alamos
23565,112750695356,87271,7104,1,,Lamy
23565,112750695356,87274,7203,1,,Lamy
23565,112750695356,87277,7204,0,,Los Alamos
23565,212743575067,87266,7103,0,,Los Alamos
23565,106450685068,87267,7103,0,,Los Alamos
23565,212743575067,87269,7104,1,,Lamy
23565,106450685068,87270,7104,1,,Lamy
23565,212743575067,87272,7203,1,,Lamy
23565,106450685068,87273,7203,1,,Lamy
23565,212743575067,87275,7204,0,,Los Alamos
23565,106450685068,87276,7204,0,,Los Alamos
42912,112750695356,87472,8004,1,,Kingman
42912,212743575068,87471,8004,1,,Kingman
42912,112750705356,106734,8003,0,,Las Vegas
42912,212743575068,106732,8003,0,,Las Vegas
42912,103250695069,106733,8003,0,,Las Vegas
33820,108450705356,87779,8601,1,,Maricopa
33820,103750695356,87782,8602,1,,Maricopa
33820,108450705356,87877,8901,0,,Phoenix
33820,103750695356,87880,8902,0,,Phoenix
33820,208443575068,87778,8601,1,,Maricopa
33820,203743575067,87781,8602,1,,Maricopa
33820,208443575068,87876,8901,0,,Phoenix
33820,203743575067,87879,8902,0,,Phoenix
43,112750695356,87823,8721,0,,Fort Cavazos
43,112750695356,87826,8722,0,,Fort Cavazos
43,112750695356,87838,8821,1,,Temple
43,312743575356,87839,8822,1,,Temple
43,212743575067,87821,8721,0,,Fort Cavazos
43,106450685068,87822,8721,0,,Fort Cavazos
43,212743575067,87824,8722,0,,Fort Cavazos
43,106450685068,87825,8722,0,,Fort Cavazos
43,212743575067,87836,8821,1,,Temple
43,106450685068,87837,8821,1,,Temple
42891,112750695356,87864,8853,1,,Flagstaff
42891,112750695356,87867,8854,1,,Flagstaff
42891,112750695356,87893,8953,0,,Williams
42891,112750695356,87896,8954,0,,Williams
42891,212743575068,87863,8853,1,,Flagstaff
42891,212743575068,87866,8854,1,,Flagstaff
42891,212743575068,87892,8953,0,,Williams
42891,212743575068,87895,8954,0,,Williams
42920,312743575356,87881,8903,1,,Oklahoma City
42920,312743575356,87882,8904,0,,Newton
42958,312743575356,89599,6089,1,,Swansboro
42958,312743575356,89602,6090,0,,Wilson
42958,312743575356,89605,6189,1,,Wilmington
42958,312743575356,89608,6190,0,,Wilson
95,312743575356,91126,68,1,3,New York
95,112750625356,114781,69,0,4,Montreal
95,212743575061,114780,69,0,4,Montreal
87,107450685356,97373,422,1,195,Chicago
87,207443575066,97372,422,1,195,Chicago
87,108250685356,111305,421,0,193,Los Angeles
87,208243575063,111303,421,0,193,Los Angeles
87,100250665066,111304,421,0,193,Los Angeles
87,112750685356,120540,21,0,272,San Antonio
87,212743575066,120538,21,0,272,San Antonio
87,100150675067,120539,21,0,272,San Antonio
87,112750685356,120545,22,1,274,Chicago
87,212743575066,120543,22,1,274,Chicago
87,100150675067,120544,22,1,274,Chicago
42994,112750685356,102968,41,1,384,Miami
42994,212743575065,102965,41,1,384,Miami
42994,100250665066,102966,41,1,384,Miami
42994,112750685356,106698,40,0,385,Chicago
42994,212743575065,106695,40,0,385,Chicago
42994,100250665066,106696,40,0,385,Chicago
42994,100150675067,112121,1040,0,385,Chicago
42994,100150675067,112124,1041,1,384,Miami
63,312743575356,105191,390,0,109,Chicago
63,312743575356,105202,391,1,110,Carbondale
85,105750885356,118576,80,0,177,New York
85,107050895356,118577,80,0,177,New York
85,205743575001,118572,80,0,177,New York
85,207043575003,118573,80,0,177,New York
85,105750045085,118574,80,0,177,New York
85,107050055087,118575,80,0,177,New York
85,112750885356,119500,79,1,178,Charlotte
85,212743575003,119495,79,1,178,Charlotte
85,106550045082,119496,79,1,178,Charlotte
85,106250065045,119497,79,1,178,Charlotte
85,103250485048,119498,79,1,178,Charlotte
85,106250495087,119499,79,1,178,Charlotte
79,312743575356,105442,71,0,108,Charlotte
79,312743575356,105545,75,0,108,Charlotte
79,312743575356,105550,76,1,107,Raleigh
79,312743575356,105557,77,0,108,Charlotte
79,312743575356,105560,78,1,107,Raleigh
79,312743575356,110590,74,1,107,Raleigh
79,312743575356,110602,73,0,108,Charlotte
79,312743575356,117865,72,1,107,Raleigh
86,312743575356,106358,821,1,17,Fort Worth
86,312743575356,106365,822,0,18,Oklahoma City
42947,112650455356,107897,98,0,113,New York
42947,100150745356,107899,98,0,113,New York
42947,200143575060,107892,98,0,113,New York
42947,212643575036,107894,98,0,113,New York
42947,112250385043,107896,98,0,113,New York
42947,100150675067,107898,98,0,113,New York
42947,112750885356,118286,97,1,114,Miami
42947,212743575003,118279,97,1,114,Miami
42947,112750045039,118280,97,1,114,Miami
42947,106350415046,118282,97,1,114,Miami
42947,112750485066,118283,97,1,114,Miami
42947,100150675067,118284,97,1,114,Miami
42947,112750685087,118285,97,1,114,Miami
42951,312743575356,111311,302,0,254,Chicago
42951,312743575356,114535,300,0,254,Chicago
42951,312743575356,114538,301,1,256,St. Louis
42951,312743575356,114541,305,1,256,St. Louis
42951,312743575356,114544,306,0,254,Chicago
42951,312743575356,114547,307,1,256,St. Louis
36926,312743575356,111324,319,1,376,Kansas City
36926,312743575356,114550,318,0,377,Chicago
39626,206743575005,111913,1105,0,,Fraser
39626,110350095090,111914,1105,0,,Fraser
39626,206743575005,111915,1106,1,,Denver
39626,110350095090,111916,1106,1,,Denver
51,100150675067,111919,1003,0,270,Los Angeles
51,100150675067,111924,1004,1,118,Chicago
51,112750685356,112594,3,0,270,Los Angeles
51,112750685356,112600,4,1,118,Chicago
51,212743575065,112591,3,0,270,Los Angeles
51,100250665066,112592,3,0,270,Los Angeles
51,212743575065,112597,4,1,118,Chicago
51,100250665066,112598,4,1,118,Chicago
36924,112750685356,118659,11,1,314,Los Angeles
36924,112750685356,118664,14,0,313,Seattle
36924,212743575009,118655,11,1,314,Los Angeles
36924,100350105011,118656,11,1,,Emeryville
36924,112750125066,118657,11,1,314,Los Angeles
36924,100150675067,118658,11,1,314,Los Angeles
36924,212743575010,118660,14,0,313,Seattle
36924,106550115012,118661,14,0,,Seattle
36924,112750135066,118662,14,0,313,Seattle
36924,100150675067,118663,14,0,313,Seattle
36923,112450615356,115326,20,0,244,New York
36923,100350735356,115328,20,0,244,New York
36923,200343575066,115316,20,0,244,New York
36923,201643574366,115319,20,0,244,New York
36923,210843575006,115320,20,0,244,New York
36923,106050075044,115321,20,0,134,New York
36923,106450125040,115322,20,0,244,New York
36923,106450475047,115323,20,0,244,New York
36923,109650485054,115324,20,0,244,New York
36923,106050495058,115325,20,0,134,New York
36923,100150675067,115327,20,0,244,New York
36923,112750885356,118277,19,1,242,New Orleans
36923,212743575003,118267,19,1,242,New Orleans
36923,106550045005,118268,19,1,242,New Orleans
36923,112050065043,118269,19,1,135,Atlanta
36923,100750095039,118270,19,1,242,New Orleans
36923,107150445053,118271,19,1,242,New Orleans
36923,105650485050,118272,19,1,135,Atlanta
36923,112050545057,118273,19,1,135,Atlanta
36923,112750585066,118274,19,1,242,New Orleans
36923,100150675067,118275,19,1,242,New Orleans
36923,112750685087,118276,19,1,242,New Orleans
42946,112750685356,114050,58,0,74,Chicago
42946,112750685356,114054,59,1,73,New Orleans
42946,212743575066,114048,58,0,74,Chicago
42946,100150675067,114049,58,0,74,Chicago
42946,212743575066,114052,59,1,73,New Orleans
42946,100150675067,114053,59,1,73,New Orleans
42991,312743575356,112278,1333,0,338,St. Paul
42991,312743575356,112320,1340,1,337,Chicago
75,100150675067,112280,1007,0,184,Seattle
75,100150675067,112284,1008,1,186,Chicago
75,100150675067,112288,1027,0,241,Portland
75,100150675067,112292,1028,1,243,Chicago
75,112752775356,113909,27,0,241,Portland
75,112752775356,113917,28,1,243,Chicago
75,112752775356,113925,7,0,184,Seattle
75,112752775356,113933,8,1,186,Chicago
75,212743575065,113904,27,0,241,Portland
75,100250665066,113905,27,0,241,Portland
75,112750685122,113907,27,0,241,Portland
75,112751235276,113908,27,0,241,Portland
75,212743575065,113912,28,1,243,Chicago
75,100250665066,113913,28,1,243,Chicago
75,112750685122,113915,28,1,243,Chicago
75,112751235276,113916,28,1,243,Chicago
75,212743575065,113920,7,0,184,Seattle
75,100250665066,113921,7,0,184,Seattle
75,112750685122,113923,7,0,184,Seattle
75,112751235276,113924,7,0,184,Seattle
75,212743575065,113928,8,1,186,Chicago
75,100250665066,113929,8,1,186,Chicago
75,112750685122,113931,8,1,186,Chicago
75,112751235276,113932,8,1,186,Chicago
77,312743575356,112582,52,0,6,Lorton
77,312743575356,112586,53,1,5,Sanford
42957,312743575356,112675,380,1,,Chicago
42957,312743575356,112678,383,0,,Quincy
72,312743575356,115301,381,0,69,Quincy
72,312743575356,115314,382,1,70,Chicago
68,312743575356,115439,63,0,350,Toronto
68,112750625356,115443,64,1,198,New York
68,212743575061,115442,64,1,198,New York
31849,312743575356,115446,7097,1,,Canadian Border
31849,312743575356,115449,7098,0,,Toronto
61,106250495356,116114,680,1,153,Boston
61,106250495356,116124,681,0,152,Brunswick
61,106250495356,116134,682,1,153,Boston
61,106250495356,116144,683,0,152,Brunswick
61,106250495356,116154,684,1,153,Boston
61,106250495356,116164,685,0,152,Brunswick
61,106250495356,116174,686,1,153,Boston
61,106250495356,116184,687,0,152,Brunswick
61,106250495356,116194,688,1,153,Boston
61,106543635356,116212,690,1,153,Boston
61,106543635356,116218,691,0,152,Brunswick
61,106543635356,116224,692,1,153,Boston
61,106543635356,116230,693,0,152,Brunswick
61,106543635356,116237,694,1,153,Boston
61,106543635356,116245,695,0,152,Brunswick
61,106543635356,116252,696,1,153,Boston
61,106543635356,116258,697,0,152,Brunswick
61,106543635356,116264,698,1,153,Boston
61,205443574366,116109,680,1,153,Boston
61,106250025017,116110,680,1,153,Boston
61,106250215045,116112,680,1,153,Boston
61,205443574366,116119,681,0,152,Brunswick
61,106250025017,116120,681,0,152,Brunswick
61,106250215045,116122,681,0,152,Brunswick
61,205443574366,116129,682,1,153,Boston
61,106250025017,116130,682,1,153,Boston
61,106250215045,116132,682,1,153,Boston
61,205443574366,116139,683,0,152,Brunswick
61,106250025017,116140,683,0,152,Brunswick
61,106250215045,116142,683,0,152,Brunswick
61,205443574366,116149,684,1,153,Boston
61,106250025017,116150,684,1,153,Boston
61,106250215045,116152,684,1,153,Boston
61,205443574366,116159,685,0,152,Brunswick
61,106250025017,116160,685,0,152,Brunswick
61,106250215045,116162,685,0,152,Brunswick
61,205443574366,116169,686,1,153,Boston
61,106250025017,116170,686,1,153,Boston
61,106250215045,116172,686,1,153,Boston
61,205443574366,116179,687,0,152,Brunswick
61,106250025017,116180,687,0,152,Brunswick
61,106250215045,116182,687,0,152,Brunswick
61,205443574366,116189,688,1,153,Boston
61,106250025017,116190,688,1,153,Boston
61,106250215045,116192,688,1,153,Boston
61,200843575001,116211,690,1,153,Boston
61,103250205020,116213,690,1,153,Boston
61,103250485048,116214,690,1,153,Boston
61,200843575001,116217,691,0,152,Brunswick
61,103250205020,116219,691,0,152,Brunswick
61,103250485048,116220,691,0,152,Brunswick
61,200843575001,116223,692,1,153,Boston
61,103250205020,116225,692,1,153,Boston
61,103250485048,116226,692,1,153,Boston
61,200843575001,116229,693,0,152,Brunswick
61,103250205020,116231,693,0,152,Brunswick
61,103250485048,116232,693,0,152,Brunswick
61,100850015001,116238,694,1,153,Boston
61,103250205020,116239,694,1,153,Boston
61,103250485048,116240,694,1,153,Boston
61,100850015001,116246,695,0,152,Brunswick
61,103250205020,116247,695,0,152,Brunswick
61,103250485048,116248,695,0,152,Brunswick
61,200843575001,116251,696,1,153,Boston
61,103250205020,116253,696,1,153,Boston
61,103250485048,116254,696,1,153,Boston
61,200843575001,116257,697,0,152,Brunswick
61,103250205020,116259,697,0,152,Brunswick
61,103250485048,116260,697,0,152,Brunswick
61,200843575001,116263,698,1,153,Boston
61,103250205020,116265,698,1,153,Boston
61,103250485048,116266,698,1,153,Boston
61,106250525356,120495,689,0,152,Brunswick
61,106543635356,120499,699,0,152,Brunswick
61,100650445045,120481,1689,0,152,Brunswick
61,103650485051,120482,1689,0,152,Brunswick
61,205443574366,120486,689,0,152,Brunswick
61,106250025017,120487,689,0,152,Brunswick
61,106250215043,120489,689,0,152,Brunswick
61,102450495050,120493,689,0,152,Brunswick
61,200843575001,120498,699,0,152,Brunswick
61,103250205020,120500,699,0,152,Brunswick
41044,306543575356,117136,488,0,316,Greenfield
41044,306543575356,117143,499,1,320,Springfield
41044,200843575001,117137,488,0,316,Greenfield
41044,103250485048,117138,488,0,316,Greenfield
41044,200843575001,117144,499,1,320,Springfield
41044,103250485048,117145,499,1,320,Springfield
41044,106250495356,117197,471,1,,New Haven
41044,106250495356,117229,478,0,,Springfield
41044,106250495356,117237,479,1,315,New Haven
41044,106250495356,117253,494,0,316,Greenfield
41044,106250495356,117261,495,1,,New Haven
41044,106250495356,117281,486,0,316,Greenfield
41044,205443574366,117194,471,1,,New Haven
41044,106250025045,117195,471,1,,New Haven
41044,205443574366,117226,478,0,,Springfield
41044,106250025045,117227,478,0,,Springfield
41044,205443574366,117234,479,1,315,New Haven
41044,106250025045,117235,479,1,315,New Haven
41044,205443574366,117250,494,0,316,Greenfield
41044,106250025045,117251,494,0,316,Greenfield
41044,205443574366,117258,495,1,,New Haven
41044,106250025045,117259,495,1,,New Haven
41044,205443574366,117278,486,0,316,Greenfield
41044,106250025045,117279,486,0,316,Greenfield
41044,106250025356,118986,425,1,320,Springfield
41044,205443574366,118985,425,1,320,Springfield
41044,306543575356,120957,400,0,317,Greenfield
41044,306543575356,120961,461,1,315,New Haven
41044,100850015001,120959,400,0,317,Greenfield
41044,103250485048,120960,400,0,317,Greenfield
41044,100850015001,120963,461,1,315,New Haven
41044,103250485048,120964,461,1,315,New Haven
64,112750885356,118255,43,0,105,Pittsburgh
64,212743575003,118253,43,0,105,Pittsburgh
64,112750045087,118254,43,0,105,Pittsburgh
64,112750885356,119545,42,1,106,New York
64,212743575003,119540,42,1,106,New York
64,106550045082,119541,42,1,106,New York
64,106250065045,119542,42,1,106,New York
64,103250485048,119543,42,1,106,New York
64,106250495087,119544,42,1,106,New York
90,106250905356,118540,55,1,190,Washington
90,205443575003,118536,55,1,190,Washington
90,106250065045,118537,55,1,190,Washington
90,106250495087,118539,55,1,190,Washington
90,106250905356,118779,56,0,191,St Albans
90,205443575003,118775,56,0,191,St Albans
90,106250065045,118776,56,0,191,St Albans
90,106250495087,118778,56,0,191,St Albans
90,106550885356,119294,54,0,191,St Albans
90,106550885356,119300,57,1,190,Washington
90,207343575001,119291,54,0,191,St Albans
90,106550045082,119292,54,0,191,St Albans
90,103250485048,119293,54,0,191,St Albans
90,207343575001,119297,57,1,190,Washington
90,106550045082,119298,57,1,190,Washington
90,103250485048,119299,57,1,190,Washington
